0.00000000E+00  0.00000000E+00  0.00000000E+00   -4.9939848777625273E-01  2.4948138153655811E-01 -2.4991710623969463E-01   -0.0000000000000000E+00    6.8743769683265760E-17  2.6885070834544920E-17    2.2806086837486653E-03  1.7726162355202868E-04 -9.1281618144939413E-04   6.45139217E-02 5.59920000E-02 6.99900000E-03 
1.25000000E-01  2.35000000E+03  5.72665000E+05   -4.9918969203353331E-01  2.4927256344559284E-01 -2.4991712858794046E-01    8.9422633662422022E-08    2.0095386728710818E-08  1.9686515970719991E-07    2.2807407100761952E-03  1.7719400639517328E-04 -9.1249256498001285E-04   2.34576392E+00 2.34664300E+00 0.00000000E+00 
2.50000000E-01  5.01300000E+03  1.13768300E+06   -4.9916775839363514E-01  2.4925063461931837E-01 -2.4991712377431677E-01   -1.9260879481475657E-08    4.4695162988124386E-08  1.9928140231915630E-07    2.2807413443485100E-03  1.7719235352202316E-04 -9.1248940533408796E-04   4.79679179E+00 4.79727000E+00 0.00000000E+00 
3.75000000E-01  7.82700000E+03  1.71853600E+06   -4.9927777486009328E-01  2.4936065020081513E-01 -2.4991712465927815E-01    3.5410193931007657E-09    7.2328950640450449E-05  2.1520950363873359E-05    2.2808202804676476E-03  1.7712952303288444E-04 -9.1253139173870241E-04   7.34750986E+00 7.34788200E+00 0.00000000E+00 
5.00000000E-01  1.03070000E+04  2.28768500E+06   -4.9953606545604262E-01  2.4961894609748378E-01 -2.4991711935855884E-01   -2.1209908345252813E-08    9.3819803382775846E-08  1.9529041081264704E-07    2.2807437269736618E-03  1.7719452564543612E-04 -9.1248630015184316E-04   9.73198485E+00 9.73252000E+00 0.00000000E+00 
6.25000000E-01  1.28880000E+04  2.86213000E+06   -4.9974086309480026E-01  2.4982374449030961E-01 -2.4991711860449065E-01   -3.0172730812065380E-09    6.6113032490405869E-05  2.5013017473513941E-05    2.2805941898811541E-03  1.7707706738915969E-04 -9.1258218610668247E-04   1.21723459E+01 1.21731490E+01 0.00000000E+00 
7.50000000E-01  1.53440000E+04  3.43108700E+06   -4.9986756712325631E-01  2.4995045016805278E-01 -2.4991711695520352E-01   -6.5993363429806567E-09    6.4510537236260230E-05  1.1961712008739771E-05    2.2808929554024348E-03  1.7729487771706671E-04 -9.1238960660479991E-04   1.45506539E+01 1.45517870E+01 0.00000000E+00 
8.75000000E-01  1.79060000E+04  4.00719400E+06   -4.9993660381900923E-01  2.5001948868867674E-01 -2.4991711513033249E-01   -7.3019049447121819E-09    1.1551206666922503E-04  4.1566673108264840E-05    2.2809188322400458E-03  1.7709209159306286E-04 -9.1258669669267399E-04   1.69884260E+01 1.69894170E+01 0.00000000E+00 
1.00000000E+00  2.02610000E+04  4.57968600E+06   -5.0001850201965714E-01  2.5010139451775942E-01 -2.4991710750189772E-01   -3.0523858955305440E-08    1.8950097040468941E-07  1.9068754722589574E-07    2.2807419603113116E-03  1.7720156861508033E-04 -9.1249049139237564E-04   1.93443520E+01 1.93450590E+01 0.00000000E+00 
0.00000000E+00  0.00000000E+00  0.00000000E+00   -4.9939848777625273E-01  2.4948138153655811E-01 -2.4991710623969463E-01   -0.0000000000000000E+00    6.8743769683265760E-17  2.6885070834544920E-17    2.2806086837486653E-03  1.7726162355202868E-04 -9.1281618144939413E-04   6.70840740E-02 6.09900000E-02 4.99900000E-03 
1.25000000E-01  2.35000000E+03  5.72665000E+05   -4.9918969203353331E-01  2.4927256344559284E-01 -2.4991712858794046E-01    8.9422633662422022E-08    2.0095386728710818E-08  1.9686515970719991E-07    2.2807407100761952E-03  1.7719400639517328E-04 -9.1249256498001285E-04   2.40536308E+00 2.40563500E+00 0.00000000E+00 
2.50000000E-01  5.01300000E+03  1.13768300E+06   -4.9916775839363514E-01  2.4925063461931837E-01 -2.4991712377431677E-01   -1.9260879481475657E-08    4.4695162988124386E-08  1.9928140231915630E-07    2.2807413443485100E-03  1.7719235352202316E-04 -9.1248940533408796E-04   4.91536212E+00 4.91625300E+00 0.00000000E+00 
3.75000000E-01  7.82700000E+03  1.71853600E+06   -4.9927777486009328E-01  2.4936065020081513E-01 -2.4991712465927815E-01    3.5410193931007657E-09    7.2328950640450449E-05  2.1520950363873359E-05    2.2808202804676476E-03  1.7712952303288444E-04 -9.1253139173870241E-04   7.52987814E+00 7.53085600E+00 0.00000000E+00 
5.00000000E-01  1.03070000E+04  2.28768500E+06   -4.9953606545604262E-01  2.4961894609748378E-01 -2.4991711935855884E-01   -2.1209908345252813E-08    9.3819803382775846E-08  1.9529041081264704E-07    2.2807437269736618E-03  1.7719452564543612E-04 -9.1248630015184316E-04   9.97097707E+00 9.97148500E+00 0.00000000E+00 
6.25000000E-01  1.28880000E+04  2.86213000E+06   -4.9974086309480026E-01  2.4982374449030961E-01 -2.4991711860449065E-01   -3.0172730812065380E-09    6.6113032490405869E-05  2.5013017473513941E-05    2.2805941898811541E-03  1.7707706738915969E-04 -9.1258218610668247E-04   1.24703112E+01 1.24711050E+01 0.00000000E+00 
7.50000000E-01  1.53440000E+04  3.43108700E+06   -4.9986756712325631E-01  2.4995045016805278E-01 -2.4991711695520352E-01   -6.5993363429806567E-09    6.4510537236260230E-05  1.1961712008739771E-05    2.2808929554024348E-03  1.7729487771706671E-04 -9.1238960660479991E-04   1.49128692E+01 1.49137330E+01 0.00000000E+00 
8.75000000E-01  1.79060000E+04  4.00719400E+06   -4.9993660381900923E-01  2.5001948868867674E-01 -2.4991711513033249E-01   -7.3019049447121819E-09    1.1551206666922503E-04  4.1566673108264840E-05    2.2809188322400458E-03  1.7709209159306286E-04 -9.1258669669267399E-04   1.74103892E+01 1.74113540E+01 0.00000000E+00 
1.00000000E+00  2.02610000E+04  4.57968600E+06   -5.0001850201965714E-01  2.5010139451775942E-01 -2.4991710750189772E-01   -3.0523858955305440E-08    1.8950097040468941E-07  1.9068754722589574E-07    2.2807419603113116E-03  1.7720156861508033E-04 -9.1249049139237564E-04   1.98183651E+01 1.98189880E+01 0.00000000E+00 
0.00000000E+00  0.00000000E+00  0.00000000E+00   -4.9939848777625273E-01  2.4948138153655811E-01 -2.4991710623969463E-01   -0.0000000000000000E+00    6.8743769683265760E-17  2.6885070834544920E-17    2.2806086837486653E-03  1.7726162355202868E-04 -9.1281618144939413E-04   1.36916876E-01 1.30980000E-01 5.99900000E-03 
1.25000000E-01  6.80000000E+02  2.83656000E+05   -4.9918976700331402E-01  2.4927266128492406E-01 -2.4991710571838996E-01   -2.0859103001986925E-09    2.5896540752927299E-10  2.7596932031581712E-09    2.2806088142890337E-03  1.7726271892756209E-04 -9.1281652554408589E-04   1.37952685E+00 1.37979000E+00 0.00000000E+00 
2.50000000E-01  1.43400000E+03  5.51727000E+05   -4.9916793939150750E-01  2.4925083387450137E-01 -2.4991710551700613E-01   -8.0580249080054837E-10    5.3439487351943713E-10  1.8863090506000624E-09    2.2806092689197249E-03  1.7726332933110138E-04 -9.1281583043855265E-04   2.74383688E+00 2.74358300E+00 0.00000000E+00 
3.75000000E-01  2.22400000E+03  8.23381000E+05   -4.9927448066597474E-01  2.4935737016664611E-01 -2.4991711049932863E-01    1.9935900300650568E-08    1.9979948579133963E-04  5.2453766759582199E-05    2.2809841427194060E-03  1.7683652488743987E-04 -9.1289827256973727E-04   4.14473104E+00 4.14536900E+00 0.00000000E+00 
5.00000000E-01  2.91600000E+03  1.09310300E+06   -4.9953648079471358E-01  2.4961937863295539E-01 -2.4991710216175819E-01   -3.3361342978682381E-08    1.1505620366187148E-09  5.8238004826562045E-09    2.2806095982212636E-03  1.7726122191981494E-04 -9.1281811127611780E-04   5.48567986E+00 5.48616600E+00 0.00000000E+00 
6.25000000E-01  3.65300000E+03  1.36296300E+06   -4.9973908796119720E-01  2.4982198823628179E-01 -2.4991709972491541E-01   -9.7506043485506749E-09    1.2487584559529782E-04  5.3118363009714860E-05    2.2808400994003847E-03  1.7721524054543198E-04 -9.1328166150038740E-04   6.85422587E+00 6.85395800E+00 1.00000000E-03 
7.50000000E-01  4.33400000E+03  1.63201700E+06   -4.9986596416017909E-01  2.4994886272095077E-01 -2.4991710143922832E-01    6.8595262818528355E-09    6.8848909689912078E-05  2.0456327134056018E-05    2.2805546126070005E-03  1.7710055531311328E-04 -9.1284977296683190E-04   8.18646502E+00 8.18475500E+00 2.00000000E-03 
8.75000000E-01  5.06100000E+03  1.90260000E+06   -4.9993319516926205E-01  2.5001610202306723E-01 -2.4991709314619481E-01   -3.3183137376960235E-08    1.9699992363825469E-04  7.0313643731593166E-05    2.2805519635716964E-03  1.7697926745150901E-04 -9.1317779422234375E-04   9.55129600E+00 9.54954800E+00 2.00000000E-03 
1.00000000E+00  5.73100000E+03  2.17286200E+06   -5.0002006485269446E-01  2.5010295577760933E-01 -2.4991710907508513E-01    6.3736698107941710E-08    7.5477180534410112E-09  3.0747388056602562E-08    2.2806258196285557E-03  1.7730093290457005E-04 -9.1282713659265673E-04   1.08793700E+01 1.08763460E+01 3.00000000E-03 
0.00000000E+00  0.00000000E+00  0.00000000E+00   -4.9939848777625273E-01  2.4948138153655811E-01 -2.4991710623969463E-01   -0.0000000000000000E+00    6.8743769683265760E-17  2.6885070834544920E-17    2.2806086837486653E-03  1.7726162355202868E-04 -9.1281618144939413E-04   1.78367853E-01 1.70974000E-01 6.99900000E-03 
1.25000000E-01  5.08000000E+02  2.29559000E+05   -4.9918976707883178E-01  2.4927265991263634E-01 -2.4991710716619545E-01    3.7072325078051139E-09    3.0820726812939027E-11  6.8280217393674807E-10    2.2806084805806672E-03  1.7726157685172376E-04 -9.1281665957210927E-04   1.53188896E+00 1.53176700E+00 0.00000000E+00 
2.50000000E-01  1.07900000E+03  4.32292000E+05   -4.9916793984110602E-01  2.4925083226894987E-01 -2.4991710757215616E-01    1.6243814362939692E-09    2.2853250858181518E-10  2.2289350269869702E-09    2.2806097555958839E-03  1.7726164981793997E-04 -9.1281599462537748E-04   2.98878288E+00 2.98854600E+00 0.00000000E+00 
3.75000000E-01  1.67600000E+03  6.37432000E+05   -4.9926510598913604E-01  2.4934800435695462E-01 -2.4991710163218142E-01   -2.3767779613040860E-08    2.1372205825945676E-04  5.7740284745586592E-05    2.2809264054576496E-03  1.7733076954654789E-04 -9.1303287893148124E-04   4.47333097E+00 4.47232000E+00 9.99000000E-04 
5.00000000E-01  2.18300000E+03  8.41289000E+05   -4.9953648233074555E-01  2.4961937793669675E-01 -2.4991710439404879E-01    1.1051133978640147E-08    1.1109774415951876E-09  1.1723190231270261E-08    2.2806088692163516E-03  1.7728066119796241E-04 -9.1282545407899167E-04   5.88207603E+00 5.88110600E+00 9.99000000E-04 
6.25000000E-01  2.72300000E+03  1.04490300E+06   -4.9973677322675997E-01  2.4981967598427182E-01 -2.4991709724248815E-01   -2.8615731070396389E-08    1.6956355583599856E-04  5.2102180145097634E-05    2.2801481299487155E-03  1.7732114148119414E-04 -9.1308517687105090E-04   7.31851387E+00 7.31788800E+00 9.99000000E-04 
7.50000000E-01  3.23300000E+03  1.24792900E+06   -4.9986880790629051E-01  2.4995171520942791E-01 -2.4991709269686260E-01   -1.8188533688952255E-08    1.5374320015241436E-04  5.3574835717076649E-05    2.2807125916149231E-03  1.7704147533952028E-04 -9.1277590855803664E-04   8.72994494E+00 8.72967300E+00 9.99000000E-04 
8.75000000E-01  3.78000000E+03  1.45247000E+06   -4.9994577328072470E-01  2.5002867896935244E-01 -2.4991709431137227E-01    6.4601810441485800E-09    3.0432692959732105E-04  6.9795217939786720E-05    2.2809351539758846E-03  1.7694402819412521E-04 -9.1273755856508172E-04   1.01791010E+01 1.01784530E+01 9.99000000E-04 
1.00000000E+00  4.27200000E+03  1.65685900E+06   -5.0001936128967706E-01  2.5010225821406157E-01 -2.4991710307561549E-01    3.5068602426732201E-08    1.5552411610772626E-08  5.4091032802441303E-08    2.2806089124790731E-03  1.7723756961094512E-04 -9.1282746231554030E-04   1.15855858E+01 1.15852390E+01 9.99000000E-04 
0.00000000E+00  0.00000000E+00  0.00000000E+00   -4.9939848777625273E-01  2.4948138153655811E-01 -2.4991710623969463E-01   -0.0000000000000000E+00    6.8743769683265760E-17  2.6885070834544920E-17    2.2806086837486653E-03  1.7726162355202868E-04 -9.1281618144939413E-04   6.45501614E-02 5.79920000E-02 4.99900000E-03 
1.25000000E-01  2.35000000E+03  5.72665000E+05   -4.9918969203353331E-01  2.4927256344559284E-01 -2.4991712858794046E-01    8.9422633662422022E-08    2.0095386728710818E-08  1.9686515970719991E-07    2.2807407100761952E-03  1.7719400639517328E-04 -9.1249256498001285E-04   2.34643984E+00 2.34664300E+00 0.00000000E+00 
2.50000000E-01  5.01300000E+03  1.13768300E+06   -4.9916775839363514E-01  2.4925063461931837E-01 -2.4991712377431677E-01   -1.9260879481475657E-08    4.4695162988124386E-08  1.9928140231915630E-07    2.2807413443485100E-03  1.7719235352202316E-04 -9.1248940533408796E-04   4.79934978E+00 4.79927000E+00 0.00000000E+00 
3.75000000E-01  7.82700000E+03  1.71853600E+06   -4.9927777486009328E-01  2.4936065020081513E-01 -2.4991712465927815E-01    3.5410193931007657E-09    7.2328950640450449E-05  2.1520950363873359E-05    2.2808202804676476E-03  1.7712952303288444E-04 -9.1253139173870241E-04   7.49129987E+00 7.35188200E+00 0.00000000E+00 
5.00000000E-01  1.03070000E+04  2.28768500E+06   -4.9953606545604262E-01  2.4961894609748378E-01 -2.4991711935855884E-01   -2.1209908345252813E-08    9.3819803382775846E-08  1.9529041081264704E-07    2.2807437269736618E-03  1.7719452564543612E-04 -9.1248630015184316E-04   9.88241482E+00 9.74251800E+00 0.00000000E+00 
6.25000000E-01  1.28880000E+04  2.86213000E+06   -4.9974086309480026E-01  2.4982374449030961E-01 -2.4991711860449065E-01   -3.0172730812065380E-09    6.6113032490405869E-05  2.5013017473513941E-05    2.2805941898811541E-03  1.7707706738915969E-04 -9.1258218610668247E-04   1.23221388E+01 1.21821480E+01 1.00000000E-03 
7.50000000E-01  1.53440000E+04  3.43108700E+06   -4.9986756712325631E-01  2.4995045016805278E-01 -2.4991711695520352E-01   -6.5993363429806567E-09    6.4510537236260230E-05  1.1961712008739771E-05    2.2808929554024348E-03  1.7729487771706671E-04 -9.1238960660479991E-04   1.47024329E+01 1.45617860E+01 1.00000000E-03 
8.75000000E-01  1.79060000E+04  4.00719400E+06   -4.9993660381900923E-01  2.5001948868867674E-01 -2.4991711513033249E-01   -7.3019049447121819E-09    1.1551206666922503E-04  4.1566673108264840E-05    2.2809188322400458E-03  1.7709209159306286E-04 -9.1258669669267399E-04   1.71423340E+01 1.70024150E+01 1.00000000E-03 
1.00000000E+00  2.02610000E+04  4.57968600E+06   -5.0001850201965714E-01  2.5010139451775942E-01 -2.4991710750189772E-01   -3.0523858955305440E-08    1.8950097040468941E-07  1.9068754722589574E-07    2.2807419603113116E-03  1.7720156861508033E-04 -9.1249049139237564E-04   1.94920909E+01 1.93520580E+01 1.00000000E-03 
0.00000000E+00  0.00000000E+00  0.00000000E+00   -4.9939848777625273E-01  2.4948138153655811E-01 -2.4991710623969463E-01   -0.0000000000000000E+00    6.8743769683265760E-17  2.6885070834544920E-17    2.2806086837486653E-03  1.7726162355202868E-04 -9.1281618144939413E-04   6.37550354E-02 5.79910000E-02 5.99900000E-03 
1.25000000E-01  2.35000000E+03  5.72665000E+05   -4.9918969203353331E-01  2.4927256344559284E-01 -2.4991712858794046E-01    8.9422633662422022E-08    2.0095386728710818E-08  1.9686515970719991E-07    2.2807407100761952E-03  1.7719400639517328E-04 -9.1249256498001285E-04   2.34457612E+00 2.34464300E+00 0.00000000E+00 
2.50000000E-01  5.01300000E+03  1.13768300E+06   -4.9916775839363514E-01  2.4925063461931837E-01 -2.4991712377431677E-01   -1.9260879481475657E-08    4.4695162988124386E-08  1.9928140231915630E-07    2.2807413443485100E-03  1.7719235352202316E-04 -9.1248940533408796E-04   4.79645801E+00 4.79627100E+00 0.00000000E+00 
3.75000000E-01  7.82700000E+03  1.71853600E+06   -4.9927777486009328E-01  2.4936065020081513E-01 -2.4991712465927815E-01    3.5410193931007657E-09    7.2328950640450449E-05  2.1520950363873359E-05    2.2808202804676476E-03  1.7712952303288444E-04 -9.1253139173870241E-04   7.34683108E+00 7.34688300E+00 0.00000000E+00 
5.00000000E-01  1.03070000E+04  2.28768500E+06   -4.9953606545604262E-01  2.4961894609748378E-01 -2.4991711935855884E-01   -2.1209908345252813E-08    9.3819803382775846E-08  1.9529041081264704E-07    2.2807437269736618E-03  1.7719452564543612E-04 -9.1248630015184316E-04   9.73350406E+00 9.73352000E+00 0.00000000E+00 
6.25000000E-01  1.28880000E+04  2.86213000E+06   -4.9974086309480026E-01  2.4982374449030961E-01 -2.4991711860449065E-01   -3.0172730812065380E-09    6.6113032490405869E-05  2.5013017473513941E-05    2.2805941898811541E-03  1.7707706738915969E-04 -9.1258218610668247E-04   1.21774199E+01 1.21771490E+01 0.00000000E+00 
7.50000000E-01  1.53440000E+04  3.43108700E+06   -4.9986756712325631E-01  2.4995045016805278E-01 -2.4991711695520352E-01   -6.5993363429806567E-09    6.4510537236260230E-05  1.1961712008739771E-05    2.2808929554024348E-03  1.7729487771706671E-04 -9.1238960660479991E-04   1.45567729E+01 1.45567870E+01 0.00000000E+00 
8.75000000E-01  1.79060000E+04  4.00719400E+06   -4.9993660381900923E-01  2.5001948868867674E-01 -2.4991711513033249E-01   -7.3019049447121819E-09    1.1551206666922503E-04  4.1566673108264840E-05    2.2809188322400458E-03  1.7709209159306286E-04 -9.1258669669267399E-04   1.69945471E+01 1.69944160E+01 0.00000000E+00 
1.00000000E+00  2.02610000E+04  4.57968600E+06   -5.0001850201965714E-01  2.5010139451775942E-01 -2.4991710750189772E-01   -3.0523858955305440E-08    1.8950097040468941E-07  1.9068754722589574E-07    2.2807419603113116E-03  1.7720156861508033E-04 -9.1249049139237564E-04   1.93535900E+01 1.93540570E+01 0.00000000E+00 
0.00000000E+00  0.00000000E+00  0.00000000E+00   -4.9939848777625273E-01  2.4948138153655811E-01 -2.4991710623969463E-01   -0.0000000000000000E+00    6.8743769683265760E-17  2.6885070834544920E-17    2.2806086837486653E-03  1.7726162355202868E-04 -9.1281618144939413E-04   1.36873960E-01 1.30980000E-01 5.99900000E-03 
1.25000000E-01  6.80000000E+02  2.83656000E+05   -4.9918976700331402E-01  2.4927266128492406E-01 -2.4991710571838996E-01   -2.0859103001986925E-09    2.5896540752927299E-10  2.7596932031581712E-09    2.2806088142890337E-03  1.7726271892756209E-04 -9.1281652554408589E-04   1.37995791E+00 1.37879000E+00 1.00000000E-03 
2.50000000E-01  1.43400000E+03  5.51727000E+05   -4.9916793939150750E-01  2.4925083387450137E-01 -2.4991710551700613E-01   -8.0580249080054837E-10    5.3439487351943713E-10  1.8863090506000624E-09    2.2806092689197249E-03  1.7726332933110138E-04 -9.1281583043855265E-04   2.74529505E+00 2.74458300E+00 1.00000000E-03 
3.75000000E-01  2.22400000E+03  8.23381000E+05   -4.9927448066597474E-01  2.4935737016664611E-01 -2.4991711049932863E-01    1.9935900300650568E-08    1.9979948579133963E-04  5.2453766759582199E-05    2.2809841427194060E-03  1.7683652488743987E-04 -9.1289827256973727E-04   4.14571691E+00 4.14537000E+00 1.00000000E-03 
5.00000000E-01  2.91600000E+03  1.09310300E+06   -4.9953648079471358E-01  2.4961937863295539E-01 -2.4991710216175819E-01   -3.3361342978682381E-08    1.1505620366187148E-09  5.8238004826562045E-09    2.2806095982212636E-03  1.7726122191981494E-04 -9.1281811127611780E-04   5.48770905E+00 5.48716600E+00 1.00000000E-03 
6.25000000E-01  3.65300000E+03  1.36296300E+06   -4.9973908796119720E-01  2.4982198823628179E-01 -2.4991709972491541E-01   -9.7506043485506749E-09    1.2487584559529782E-04  5.3118363009714860E-05    2.2808400994003847E-03  1.7721524054543198E-04 -9.1328166150038740E-04   6.85658503E+00 6.85595800E+00 1.00000000E-03 
7.50000000E-01  4.33400000E+03  1.63201700E+06   -4.9986596416017909E-01  2.4994886272095077E-01 -2.4991710143922832E-01    6.8595262818528355E-09    6.8848909689912078E-05  2.0456327134056018E-05    2.2805546126070005E-03  1.7710055531311328E-04 -9.1284977296683190E-04   8.18877482E+00 8.18775500E+00 1.00000000E-03 
8.75000000E-01  5.06100000E+03  1.90260000E+06   -4.9993319516926205E-01  2.5001610202306723E-01 -2.4991709314619481E-01   -3.3183137376960235E-08    1.9699992363825469E-04  7.0313643731593166E-05    2.2805519635716964E-03  1.7697926745150901E-04 -9.1317779422234375E-04   9.55318689E+00 9.55154800E+00 2.00000000E-03 
1.00000000E+00  5.73100000E+03  2.17286200E+06   -5.0002006485269446E-01  2.5010295577760933E-01 -2.4991710907508513E-01    6.3736698107941710E-08    7.5477180534410112E-09  3.0747388056602562E-08    2.2806258196285557E-03  1.7730093290457005E-04 -9.1282713659265673E-04   1.08836401E+01 1.08823460E+01 2.00000000E-03 
0.00000000E+00  0.00000000E+00  0.00000000E+00   -4.9939848777625273E-01  2.4948138153655811E-01 -2.4991710623969463E-01   -0.0000000000000000E+00    6.8743769683265760E-17  2.6885070834544920E-17    2.2806086837486653E-03  1.7726162355202868E-04 -9.1281618144939413E-04   1.36830807E-01 1.30980000E-01 5.99900000E-03 
1.25000000E-01  6.80000000E+02  2.83656000E+05   -4.9918976700331402E-01  2.4927266128492406E-01 -2.4991710571838996E-01   -2.0859103001986925E-09    2.5896540752927299E-10  2.7596932031581712E-09    2.2806088142890337E-03  1.7726271892756209E-04 -9.1281652554408589E-04   1.37982202E+00 1.37879000E+00 1.00000000E-03 
2.50000000E-01  1.43400000E+03  5.51727000E+05   -4.9916793939150750E-01  2.4925083387450137E-01 -2.4991710551700613E-01   -8.0580249080054837E-10    5.3439487351943713E-10  1.8863090506000624E-09    2.2806092689197249E-03  1.7726332933110138E-04 -9.1281583043855265E-04   2.74501204E+00 2.74358300E+00 1.00000000E-03 
3.75000000E-01  2.22400000E+03  8.23381000E+05   -4.9927448066597474E-01  2.4935737016664611E-01 -2.4991711049932863E-01    1.9935900300650568E-08    1.9979948579133963E-04  5.2453766759582199E-05    2.2809841427194060E-03  1.7683652488743987E-04 -9.1289827256973727E-04   4.14517188E+00 4.14437000E+00 1.00000000E-03 
5.00000000E-01  2.91600000E+03  1.09310300E+06   -4.9953648079471358E-01  2.4961937863295539E-01 -2.4991710216175819E-01   -3.3361342978682381E-08    1.1505620366187148E-09  5.8238004826562045E-09    2.2806095982212636E-03  1.7726122191981494E-04 -9.1281811127611780E-04   5.48475099E+00 5.48416600E+00 1.00000000E-03 
6.25000000E-01  3.65300000E+03  1.36296300E+06   -4.9973908796119720E-01  2.4982198823628179E-01 -2.4991709972491541E-01   -9.7506043485506749E-09    1.2487584559529782E-04  5.3118363009714860E-05    2.2808400994003847E-03  1.7721524054543198E-04 -9.1328166150038740E-04   6.87006497E+00 6.86895600E+00 1.00000000E-03 
7.50000000E-01  4.33400000E+03  1.63201700E+06   -4.9986596416017909E-01  2.4994886272095077E-01 -2.4991710143922832E-01    6.8595262818528355E-09    6.8848909689912078E-05  2.0456327134056018E-05    2.2805546126070005E-03  1.7710055531311328E-04 -9.1284977296683190E-04   8.21480989E+00 8.21375100E+00 1.00000000E-03 
8.75000000E-01  5.06100000E+03  1.90260000E+06   -4.9993319516926205E-01  2.5001610202306723E-01 -2.4991709314619481E-01   -3.3183137376960235E-08    1.9699992363825469E-04  7.0313643731593166E-05    2.2805519635716964E-03  1.7697926745150901E-04 -9.1317779422234375E-04   9.57949901E+00 9.57854400E+00 1.00000000E-03 
1.00000000E+00  5.73100000E+03  2.17286200E+06   -5.0002006485269446E-01  2.5010295577760933E-01 -2.4991710907508513E-01    6.3736698107941710E-08    7.5477180534410112E-09  3.0747388056602562E-08    2.2806258196285557E-03  1.7730093290457005E-04 -9.1282713659265673E-04   1.09083018E+01 1.09073420E+01 1.00000000E-03 
0.00000000E+00  0.00000000E+00  0.00000000E+00   -4.9939848777625273E-01  2.4948138153655811E-01 -2.4991710623969463E-01   -0.0000000000000000E+00    6.8743769683265760E-17  2.6885070834544920E-17    2.2806086837486653E-03  1.7726162355202868E-04 -9.1281618144939413E-04   6.75909519E-02 6.29910000E-02 4.99900000E-03 
1.25000000E-01  2.34900000E+03  5.72667000E+05   -4.9918969203301594E-01  2.4927256344641036E-01 -2.4991712858660559E-01    8.9417292384773041E-08    2.0095711940271188E-08  1.9686433263950799E-07    2.2807407156563118E-03  1.7719400667001896E-04 -9.1249256750836267E-04   2.38653421E+00 2.38663700E+00 0.00000000E+00 
2.50000000E-01  5.01300000E+03  1.13768100E+06   -4.9916775839357502E-01  2.4925063462178629E-01 -2.4991712377178874E-01   -1.9265653690898690E-08    4.4695382822009993E-08  1.9928186351755781E-07    2.2807413513325084E-03  1.7719235332806760E-04 -9.1248940775337831E-04   4.88276601E+00 4.88325700E+00 0.00000000E+00 
3.75000000E-01  7.82400000E+03  1.71852600E+06   -4.9927777485579200E-01  2.4936065019913792E-01 -2.4991712465665408E-01    3.5406351285844780E-09    7.2328950341289959E-05  2.1520943532086274E-05    2.2808202857967407E-03  1.7712952308591561E-04 -9.1253139692826083E-04   7.48775816E+00 7.48786200E+00 0.00000000E+00 
5.00000000E-01  1.03040000E+04  2.28767900E+06   -4.9953606545123003E-01  2.4961894609857566E-01 -2.4991711935265437E-01   -2.1223034311657069E-08    9.3820086598490475E-08  1.9529399858603340E-07    2.2807437304386111E-03  1.7719452423075119E-04 -9.1248630346691707E-04   9.91857505E+00 9.91949200E+00 0.00000000E+00 
6.25000000E-01  1.28850000E+04  2.86212300E+06   -4.9974086309376720E-01  2.4982374449014250E-01 -2.4991711860362470E-01   -2.9971122969117610E-09    6.6113035507302836E-05  2.5013020515677650E-05    2.2805941942235460E-03  1.7707706551353184E-04 -9.1258218949804800E-04   1.24011071E+01 1.24021140E+01 0.00000000E+00 
7.50000000E-01  1.53410000E+04  3.43106300E+06   -4.9986756713236336E-01  2.4995045017667708E-01 -2.4991711695568627E-01   -6.5939397581763197E-09    6.4510536112479623E-05  1.1961705530465196E-05    2.2808929591432974E-03  1.7729487499572706E-04 -9.1238960950938924E-04   1.48318751E+01 1.48327450E+01 0.00000000E+00 
8.75000000E-01  1.79020000E+04  4.00717000E+06   -4.9993660381001181E-01  2.5001948868312213E-01 -2.4991711512688969E-01   -7.3176123695190076E-09    1.1551206739279752E-04  4.1566646472573724E-05    2.2809188297382562E-03  1.7709208522161639E-04 -9.1258670202569849E-04   1.73219292E+01 1.73223660E+01 0.00000000E+00 
1.00000000E+00  2.02580000E+04  4.57966900E+06   -5.0001850187626662E-01  2.5010139437939388E-01 -2.4991710749687274E-01   -3.0530189769970439E-08    1.8950082744419157E-07  1.9066882831624265E-07    2.2807419544940677E-03  1.7720156358555411E-04 -9.1249049831110078E-04   1.97159252E+01 1.97160030E+01 1.00000000E-03 
0.00000000E+00  0.00000000E+00  0.00000000E+00   -4.9939848777625273E-01  2.4948138153655811E-01 -2.4991710623969463E-01   -0.0000000000000000E+00    6.8743769683265760E-17  2.6885070834544920E-17    2.2806086837486653E-03  1.7726162355202868E-04 -9.1281618144939413E-04   1.40294075E-01 1.33980000E-01 6.99900000E-03 
1.25000000E-01  6.80000000E+02  2.83654000E+05   -4.9918976700186973E-01  2.4927266128903755E-01 -2.4991710571283218E-01   -2.1081487797685668E-09    2.6015182250339230E-10  2.7811281961199966E-09    2.2806088146587792E-03  1.7726271500491730E-04 -9.1281652211354478E-04   1.38505602E+00 1.38478900E+00 0.00000000E+00 
2.50000000E-01  1.43300000E+03  5.51727000E+05   -4.9916793938831350E-01  2.4925083388069552E-01 -2.4991710550761798E-01   -8.2112909459908566E-10    5.4048295987998957E-10  1.9287035469720955E-09    2.2806092682947144E-03  1.7726331517255894E-04 -9.1281581669356107E-04   2.75529003E+00 2.75458100E+00 0.00000000E+00 
3.75000000E-01  2.22300000E+03  8.23379000E+05   -4.9927393043241308E-01  2.4935681963630246E-01 -2.4991711079611062E-01    2.1160987092360571E-08    2.0093295032846232E-04  5.3269820577208716E-05    2.2809663021166400E-03  1.7679225854305949E-04 -9.1288305911424580E-04   4.15940905E+00 4.15936700E+00 0.00000000E+00 
5.00000000E-01  2.91500000E+03  1.09309100E+06   -4.9953648078449459E-01  2.4961937864647635E-01 -2.4991710213801824E-01   -3.4643855934272840E-08    1.1553709443851081E-09  5.8485406712922501E-09    2.2806095536343270E-03  1.7726123133414678E-04 -9.1281812684633837E-04   5.50029302E+00 5.50016300E+00 0.00000000E+00 
6.25000000E-01  3.65100000E+03  1.36293500E+06   -4.9973865404535833E-01  2.4982155333480571E-01 -2.4991710071055262E-01   -5.7117564413141398E-09    1.2551637328350626E-04  5.3537836130574370E-05    2.2807968132877421E-03  1.7717414624659775E-04 -9.1326320064014966E-04   6.86140203E+00 6.85995700E+00 1.00000000E-03 
7.50000000E-01  4.33100000E+03  1.63199900E+06   -4.9986596412177814E-01  2.4994886265889360E-01 -2.4991710146288454E-01    3.0103258914498238E-09    6.8848917710115584E-05  2.0456269018619263E-05    2.2805546649373792E-03  1.7710045377571554E-04 -9.1284971745537080E-04   8.18515396E+00 8.18275600E+00 1.99900000E-03 
8.75000000E-01  5.05800000E+03  1.90258500E+06   -4.9993319514279266E-01  2.5001610194448548E-01 -2.4991709319830718E-01   -3.3069275001323821E-08    1.9699993427976762E-04  7.0313595841202091E-05    2.2805520122213289E-03  1.7697916372040750E-04 -9.1317773523958139E-04   9.55212092E+00 9.54954800E+00 1.99900000E-03 
1.00000000E+00  5.72800000E+03  2.17284200E+06   -5.0002006522843512E-01  2.5010295610519023E-01 -2.4991710912324488E-01    6.3720882385682954E-08    7.5472514050438847E-09  3.0732945243154704E-08    2.2806258649678279E-03  1.7730082881952264E-04 -9.1282707578355441E-04   1.08874590E+01 1.08833450E+01 3.99900000E-03 
0.00000000E+00  0.00000000E+00  0.00000000E+00   -4.9939848777625273E-01  2.4948138153655811E-01 -2.4991710623969463E-01   -0.0000000000000000E+00    6.8743769683265760E-17  2.6885070834544920E-17    2.2806086837486653E-03  1.7726162355202868E-04 -9.1281618144939413E-04   1.86480045E-01 1.80972000E-01 5.99900000E-03 
1.25000000E-01  5.07000000E+02  2.29553000E+05   -4.9918976707502671E-01  2.4927265992203171E-01 -2.4991710715299501E-01    3.6544132312893633E-09    2.6331506442903805E-11  6.4861375351970629E-10    2.2806084881661672E-03  1.7726157412776091E-04 -9.1281666086761443E-04   1.57890511E+00 1.57876000E+00 0.00000000E+00 
2.50000000E-01  1.07900000E+03  4.32285000E+05   -4.9916793972957979E-01  2.4925083061448494E-01 -2.4991710911509485E-01    7.8510025426539118E-09    3.4374028004192095E-10  5.4403550883077674E-09    2.2806096874948521E-03  1.7726128419355214E-04 -9.1281602993142604E-04   3.07548094E+00 3.07453300E+00 1.00000000E-03 
3.75000000E-01  1.67500000E+03  6.37433000E+05   -4.9926495409158245E-01  2.4934785245610788E-01 -2.4991710163547456E-01   -2.9928404304647699E-08    2.1494747134958119E-04  5.7768123700732606E-05    2.2808570206454513E-03  1.7737220931400127E-04 -9.1303565684055349E-04   4.60176110E+00 4.60130100E+00 1.00000000E-03 
5.00000000E-01  2.18400000E+03  8.41293000E+05   -4.9953648135071677E-01  2.4961937540155335E-01 -2.4991710594916342E-01    1.7260478864137895E-08    9.4301983773069040E-10  9.1556590083390674E-09    2.2806089185121192E-03  1.7728016190266514E-04 -9.1282541081577119E-04   6.05946493E+00 6.05907900E+00 1.00000000E-03 
6.25000000E-01  2.72500000E+03  1.04494500E+06   -4.9973746941365593E-01  2.4982037045870017E-01 -2.4991709895495576E-01   -2.7986110158091485E-08    1.7239614637726494E-04  5.0922211917340519E-05    2.2801944742125704E-03  1.7734691856100191E-04 -9.1303310649204386E-04   7.53993392E+00 7.53885400E+00 1.00000000E-03 
7.50000000E-01  3.23700000E+03  1.24797600E+06   -4.9986827792462474E-01  2.4995118363338212E-01 -2.4991709429124262E-01   -1.8661040630671298E-08    1.4429794069720266E-04  5.1215712845027632E-05    2.2807898578314847E-03  1.7702585454133199E-04 -9.1268205129897142E-04   8.99117303E+00 8.99063300E+00 1.00000000E-03 
8.75000000E-01  3.78200000E+03  1.45252300E+06   -4.9994548818380496E-01  2.5002839333764865E-01 -2.4991709484615632E-01    2.2203911257006418E-09    2.9881053396987271E-04  6.6872671238096430E-05    2.2810265800140713E-03  1.7691891962913053E-04 -9.1266290825166567E-04   1.04747171E+01 1.04744080E+01 1.00000000E-03 
1.00000000E+00  4.27300000E+03  1.65690900E+06   -5.0001935843263001E-01  2.5010225385685375E-01 -2.4991710457577626E-01    3.8931390223804261E-08    1.6145478722308507E-08  5.5863904216568238E-08    2.2806095042651156E-03  1.7723676507349183E-04 -9.1282695445954194E-04   1.19184821E+01 1.19181880E+01 1.00000000E-03 
0.00000000E+00  0.00000000E+00  0.00000000E+00   -4.9939848777625273E-01  2.4948138153655811E-01 -2.4991710623969463E-01   -0.0000000000000000E+00    6.8743769683265760E-17  2.6885070834544920E-17    2.2806086837486653E-03  1.7726162355202868E-04 -9.1281618144939413E-04   6.76679611E-02 6.29910000E-02 5.00000000E-03 
1.25000000E-01  2.34900000E+03  5.72667000E+05   -4.9918969203301594E-01  2.4927256344641036E-01 -2.4991712858660559E-01    8.9417292384773041E-08    2.0095711940271188E-08  1.9686433263950799E-07    2.2807407156563118E-03  1.7719400667001896E-04 -9.1249256750836267E-04   2.39194584E+00 2.39263600E+00 0.00000000E+00 
2.50000000E-01  5.01300000E+03  1.13768100E+06   -4.9916775839357502E-01  2.4925063462178629E-01 -2.4991712377178874E-01   -1.9265653690898690E-08    4.4695382822009993E-08  1.9928186351755781E-07    2.2807413513325084E-03  1.7719235332806760E-04 -9.1248940775337831E-04   4.89020991E+00 4.89025600E+00 0.00000000E+00 
3.75000000E-01  7.82400000E+03  1.71852600E+06   -4.9927777485579200E-01  2.4936065019913792E-01 -2.4991712465665408E-01    3.5406351285844780E-09    7.2328950341289959E-05  2.1520943532086274E-05    2.2808202857967407E-03  1.7712952308591561E-04 -9.1253139692826083E-04   7.48386788E+00 7.48386200E+00 0.00000000E+00 
5.00000000E-01  1.03040000E+04  2.28767900E+06   -4.9953606545123003E-01  2.4961894609857566E-01 -2.4991711935265437E-01   -2.1223034311657069E-08    9.3820086598490475E-08  1.9529399858603340E-07    2.2807437304386111E-03  1.7719452423075119E-04 -9.1248630346691707E-04   9.92260003E+00 9.92349100E+00 0.00000000E+00 
6.25000000E-01  1.28850000E+04  2.86212300E+06   -4.9974086309376720E-01  2.4982374449014250E-01 -2.4991711860362470E-01   -2.9971122969117610E-09    6.6113035507302836E-05  2.5013020515677650E-05    2.2805941942235460E-03  1.7707706551353184E-04 -9.1258218949804800E-04   1.24211340E+01 1.24221110E+01 0.00000000E+00 
7.50000000E-01  1.53410000E+04  3.43106300E+06   -4.9986756713236336E-01  2.4995045017667708E-01 -2.4991711695568627E-01   -6.5939397581763197E-09    6.4510536112479623E-05  1.1961705530465196E-05    2.2808929591432974E-03  1.7729487499572706E-04 -9.1238960950938924E-04   1.48434708E+01 1.48437430E+01 0.00000000E+00 
8.75000000E-01  1.79020000E+04  4.00717000E+06   -4.9993660381001181E-01  2.5001948868312213E-01 -2.4991711512688969E-01   -7.3176123695190076E-09    1.1551206739279752E-04  4.1566646472573724E-05    2.2809188297382562E-03  1.7709208522161639E-04 -9.1258670202569849E-04   1.73353970E+01 1.73363640E+01 0.00000000E+00 
1.00000000E+00  2.02580000E+04  4.57966900E+06   -5.0001850187626662E-01  2.5010139437939388E-01 -2.4991710749687274E-01   -3.0530189769970439E-08    1.8950082744419157E-07  1.9066882831624265E-07    2.2807419544940677E-03  1.7720156358555411E-04 -9.1249049831110078E-04   1.97448690E+01 1.97459980E+01 0.00000000E+00 
0.00000000E+00  0.00000000E+00  0.00000000E+00   -4.9939848777625273E-01  2.4948138153655811E-01 -2.4991710623969463E-01   -0.0000000000000000E+00    6.8743769683265760E-17  2.6885070834544920E-17    2.2806086837486653E-03  1.7726162355202868E-04 -9.1281618144939413E-04   1.40136957E-01 1.32980000E-01 6.99900000E-03 
1.25000000E-01  6.80000000E+02  2.83654000E+05   -4.9918976700186973E-01  2.4927266128903755E-01 -2.4991710571283218E-01   -2.1081487797685668E-09    2.6015182250339230E-10  2.7811281961199966E-09    2.2806088146587792E-03  1.7726271500491730E-04 -9.1281652211354478E-04   1.38116193E+00 1.38179000E+00 0.00000000E+00 
2.50000000E-01  1.43300000E+03  5.51727000E+05   -4.9916793938831350E-01  2.4925083388069552E-01 -2.4991710550761798E-01   -8.2112909459908566E-10    5.4048295987998957E-10  1.9287035469720955E-09    2.2806092682947144E-03  1.7726331517255894E-04 -9.1281581669356107E-04   2.74690199E+00 2.74758200E+00 0.00000000E+00 
3.75000000E-01  2.22300000E+03  8.23379000E+05   -4.9927393043241308E-01  2.4935681963630246E-01 -2.4991711079611062E-01    2.1160987092360571E-08    2.0093295032846232E-04  5.3269820577208716E-05    2.2809663021166400E-03  1.7679225854305949E-04 -9.1288305911424580E-04   4.14642191E+00 4.14737000E+00 0.00000000E+00 
5.00000000E-01  2.91500000E+03  1.09309100E+06   -4.9953648078449459E-01  2.4961937864647635E-01 -2.4991710213801824E-01   -3.4643855934272840E-08    1.1553709443851081E-09  5.8485406712922501E-09    2.2806095536343270E-03  1.7726123133414678E-04 -9.1281812684633837E-04   5.48133206E+00 5.48216700E+00 0.00000000E+00 
6.25000000E-01  3.65100000E+03  1.36293500E+06   -4.9973865404535833E-01  2.4982155333480571E-01 -2.4991710071055262E-01   -5.7117564413141398E-09    1.2551637328350626E-04  5.3537836130574370E-05    2.2807968132877421E-03  1.7717414624659775E-04 -9.1326320064014966E-04   6.83802199E+00 6.83896000E+00 0.00000000E+00 
7.50000000E-01  4.33100000E+03  1.63199900E+06   -4.9986596412177814E-01  2.4994886265889360E-01 -2.4991710146288454E-01    3.0103258914498238E-09    6.8848917710115584E-05  2.0456269018619263E-05    2.2805546649373792E-03  1.7710045377571554E-04 -9.1284971745537080E-04   8.15736294E+00 8.15676000E+00 9.99000000E-04 
8.75000000E-01  5.05800000E+03  1.90258500E+06   -4.9993319514279266E-01  2.5001610194448548E-01 -2.4991709319830718E-01   -3.3069275001323821E-08    1.9699993427976762E-04  7.0313595841202091E-05    2.2805520122213289E-03  1.7697916372040750E-04 -9.1317773523958139E-04   9.51202106E+00 9.51155400E+00 9.99000000E-04 
1.00000000E+00  5.72800000E+03  2.17284200E+06   -5.0002006522843512E-01  2.5010295610519023E-01 -2.4991710912324488E-01    6.3720882385682954E-08    7.5472514050438847E-09  3.0732945243154704E-08    2.2806258649678279E-03  1.7730082881952264E-04 -9.1282707578355441E-04   1.08367450E+01 1.08363530E+01 9.99000000E-04 
0.00000000E+00  0.00000000E+00  0.00000000E+00   -4.9939848777625273E-01  2.4948138153655811E-01 -2.4991710623969463E-01   -0.0000000000000000E+00    6.8743769683265760E-17  2.6885070834544920E-17    2.2806086837486653E-03  1.7726162355202868E-04 -9.1281618144939413E-04   1.87322855E-01 1.80973000E-01 4.99900000E-03 
1.25000000E-01  5.07000000E+02  2.29553000E+05   -4.9918976707502671E-01  2.4927265992203171E-01 -2.4991710715299501E-01    3.6544132312893633E-09    2.6331506442903805E-11  6.4861375351970629E-10    2.2806084881661672E-03  1.7726157412776091E-04 -9.1281666086761443E-04   1.58067584E+00 1.57876000E+00 2.00000000E-03 
2.50000000E-01  1.07900000E+03  4.32285000E+05   -4.9916793972957979E-01  2.4925083061448494E-01 -2.4991710911509485E-01    7.8510025426539118E-09    3.4374028004192095E-10  5.4403550883077674E-09    2.2806096874948521E-03  1.7726128419355214E-04 -9.1281602993142604E-04   3.08055997E+00 3.07853200E+00 2.00000000E-03 
3.75000000E-01  1.67500000E+03  6.37433000E+05   -4.9926495409158245E-01  2.4934785245610788E-01 -2.4991710163547456E-01   -2.9928404304647699E-08    2.1494747134958119E-04  5.7768123700732606E-05    2.2808570206454513E-03  1.7737220931400127E-04 -9.1303565684055349E-04   4.60828090E+00 4.60630000E+00 2.00000000E-03 
5.00000000E-01  2.18400000E+03  8.41293000E+05   -4.9953648135071677E-01  2.4961937540155335E-01 -2.4991710594916342E-01    1.7260478864137895E-08    9.4301983773069040E-10  9.1556590083390674E-09    2.2806089185121192E-03  1.7728016190266514E-04 -9.1282541081577119E-04   6.06220889E+00 6.06007900E+00 2.00000000E-03 
6.25000000E-01  2.72500000E+03  1.04494500E+06   -4.9973746941365593E-01  2.4982037045870017E-01 -2.4991709895495576E-01   -2.7986110158091485E-08    1.7239614637726494E-04  5.0922211917340519E-05    2.2801944742125704E-03  1.7734691856100191E-04 -9.1303310649204386E-04   7.54082298E+00 7.53885400E+00 2.00000000E-03 
7.50000000E-01  3.23700000E+03  1.24797600E+06   -4.9986827792462474E-01  2.4995118363338212E-01 -2.4991709429124262E-01   -1.8661040630671298E-08    1.4429794069720266E-04  5.1215712845027632E-05    2.2807898578314847E-03  1.7702585454133199E-04 -9.1268205129897142E-04   8.99540281E+00 8.99263300E+00 3.00000000E-03 
8.75000000E-01  3.78200000E+03  1.45252300E+06   -4.9994548818380496E-01  2.5002839333764865E-01 -2.4991709484615632E-01    2.2203911257006418E-09    2.9881053396987271E-04  6.6872671238096430E-05    2.2810265800140713E-03  1.7691891962913053E-04 -9.1266290825166567E-04   1.04824209E+01 1.04794070E+01 3.00000000E-03 
1.00000000E+00  4.27300000E+03  1.65690900E+06   -5.0001935843263001E-01  2.5010225385685375E-01 -2.4991710457577626E-01    3.8931390223804261E-08    1.6145478722308507E-08  5.5863904216568238E-08    2.2806095042651156E-03  1.7723676507349183E-04 -9.1282695445954194E-04   1.19251249E+01 1.19201880E+01 4.99900000E-03 
0.00000000E+00  0.00000000E+00  0.00000000E+00   -4.9667502950628623E-01  2.4873888209343656E-01 -2.4793614741284967E-01   -0.0000000000000000E+00    3.4484026333645378E-17  2.8075418759523589E-17    8.3248201007545930E-04 -4.5278770604471571E-04  9.7546297097565683E-04   2.42474079E-01 2.25965000E-01 1.49980000E-02 
1.25000000E-01  3.73000000E+03  1.28376200E+06   -4.9652106169544097E-01  2.4858516197661568E-01 -2.4793589971882529E-01   -9.9902344599263464E-07    3.7474321005365009E-07  3.9735953975616528E-06    8.3199550757342955E-04 -4.5366708892739316E-04  9.7576771973850642E-04   8.67872596E+00 8.66868300E+00 9.99900000E-03 
2.50000000E-01  7.23900000E+03  2.57662500E+06   -4.9641166795059216E-01  2.4847577200653720E-01 -2.4793589594405496E-01   -1.5224783236014523E-08    8.7127244083764041E-07  3.9701244887002720E-06    8.3199243109062602E-04 -4.5367229650485638E-04  9.7576721044506599E-04   1.72299430E+01 1.72113840E+01 1.79980000E-02 
3.75000000E-01  1.08630000E+04  3.86631500E+06   -4.9634256044979580E-01  2.4840666901332722E-01 -2.4793589143646858E-01   -1.8180450919854546E-08    1.4000483325817030E-05  9.1601089957294803E-06    8.3194921573126663E-04 -4.5372304548646595E-04  9.7578999575727917E-04   2.58864830E+01 2.58590690E+01 2.79960000E-02 
5.00000000E-01  1.48480000E+04  5.15050000E+06   -4.9637844030497047E-01  2.4844255096469589E-01 -2.4793588934027458E-01   -8.4545806741198999E-09    1.8633818354760025E-06  3.9681077785729325E-06    8.3199641704476916E-04 -4.5367506118958937E-04  9.7577055287682510E-04   3.47324591E+01 3.46947260E+01 3.79950000E-02 
6.25000000E-01  1.82780000E+04  6.44660500E+06   -4.9640374141087273E-01  2.4846785586237374E-01 -2.4793588554849899E-01   -1.5293371193849276E-08    4.1784919211744087E-05  1.1129498564299191E-05    8.3196894158266263E-04 -4.5355254648711925E-04  9.7581615969155524E-04   4.32431619E+01 4.31964340E+01 4.59930000E-02 
7.50000000E-01  2.21800000E+04  7.74644800E+06   -4.9637784137408514E-01  2.4844202442226948E-01 -2.4793581695181566E-01   -2.7667105623631073E-07    3.6885661844929607E-05  4.3015502126507549E-06    8.3231490268895452E-04 -4.5335612910380818E-04  9.7537669092601282E-04   5.21535921E+01 5.20970810E+01 5.59920000E-02 
8.75000000E-01  2.56680000E+04  9.05545500E+06   -4.9630181459652273E-01  2.4836600128556155E-01 -2.4793581331096118E-01   -1.4684665264486947E-08    7.6924321354173981E-05  8.8385541542767222E-06    8.3222047958700742E-04 -4.5331934736618360E-04  9.7545853519079198E-04   6.07430370E+01 6.06767760E+01 6.49910000E-02 
1.00000000E+00  2.93100000E+04  1.03400680E+07   -4.9626603740660186E-01  2.4833022670399299E-01 -2.4793581070260887E-01   -1.0520272473285337E-08    3.7361501603586744E-06  3.6123834912376358E-06    8.3226026631940590E-04 -4.5332795520044208E-04  9.7540522143189077E-04   6.93887641E+01 6.93134630E+01 7.49890000E-02 
0.00000000E+00  0.00000000E+00  0.00000000E+00   -4.9667502950628623E-01  2.4873888209343656E-01 -2.4793614741284967E-01   -0.0000000000000000E+00    3.4484026333645378E-17  2.8075418759523589E-17    8.3248201007545930E-04 -4.5278770604471571E-04  9.7546297097565683E-04   5.06901979E-01 4.87926000E-01 1.89980000E-02 
1.25000000E-01  1.06700000E+03  6.70872000E+05   -4.9652092690620009E-01  2.4858478066767456E-01 -2.4793614623852553E-01   -4.7363974563014109E-09    4.2791098432737991E-10  4.4083854766072166E-09    8.3248169273414049E-04 -4.5278648936882893E-04  9.7546296860108938E-04   5.43313885E+00 5.42517500E+00 8.99800000E-03 
2.50000000E-01  2.06200000E+03  1.31965200E+06   -4.9641141688762153E-01  2.4847527182006304E-01 -2.4793614506755848E-01   -4.7228573296570053E-09    1.0238277516379500E-09  5.6227312933583622E-09    8.3248201227308115E-04 -4.5278687092464945E-04  9.7546266448989569E-04   1.06601448E+01 1.06433820E+01 1.79970000E-02 
3.75000000E-01  3.10400000E+03  1.96636300E+06   -4.9634338880812090E-01  2.4840724424190902E-01 -2.4793614456621188E-01   -2.0220795277129485E-09    5.5017486000276236E-05  1.4645991535148473E-05    8.3226669715805656E-04 -4.5277813899894498E-04  9.7559989656538341E-04   1.59069698E+01 1.58805860E+01 2.69950000E-02 
5.00000000E-01  4.22600000E+03  2.61223200E+06   -4.9637814259776020E-01  2.4844200073944162E-01 -2.4793614185831858E-01   -1.0921736736768020E-08    2.5189512689870875E-09  6.6134349159919315E-09    8.3248166384422703E-04 -4.5278484549550040E-04  9.7546330539561958E-04   2.12473209E+01 2.12127750E+01 3.59940000E-02 
6.25000000E-01  5.20000000E+03  3.26033000E+06   -4.9640287335383954E-01  2.4846673275718695E-01 -2.4793614059665259E-01   -5.0886731738460621E-09    5.3910237339295214E-05  1.4709407323971782E-05    8.3233769394972304E-04 -4.5270888892858137E-04  9.7548877783506756E-04   2.64526458E+01 2.64099850E+01 4.39930000E-02 
7.50000000E-01  6.29900000E+03  3.90973000E+06   -4.9637899298105032E-01  2.4844285631064700E-01 -2.4793613667040332E-01   -1.5835727944700117E-08    7.2643532335660310E-05  8.3978957718023771E-06    8.3261621512049802E-04 -4.5270754454225645E-04  9.7559723472056431E-04   3.17987618E+01 3.17461740E+01 5.39910000E-02 
8.75000000E-01  7.25600000E+03  4.56185300E+06   -4.9630193914811099E-01  2.4836580538614156E-01 -2.4793613376196943E-01   -1.1730576759315026E-08    1.0826113664144550E-04  1.6536753005030446E-05    8.3263323212590709E-04 -4.5247066032511757E-04  9.7573354035252434E-04   3.70183928E+01 3.69553820E+01 6.39900000E-02 
1.00000000E+00  8.27000000E+03  5.20677100E+06   -4.9626649890651531E-01  2.4833036215980128E-01 -2.4793613674671403E-01    1.2038360625718677E-08    5.7696120235514270E-09  1.0659210820868631E-08    8.3248751114366692E-04 -4.5278328456938743E-04  9.7546662345976507E-04   4.22443140E+01 4.21705890E+01 7.49880000E-02 
0.00000000E+00  0.00000000E+00  0.00000000E+00   -4.9667502950628623E-01  2.4873888209343656E-01 -2.4793614741284967E-01   -0.0000000000000000E+00    3.4484026333645378E-17  2.8075418759523589E-17    8.3248201007545930E-04 -4.5278770604471571E-04  9.7546297097565683E-04   6.86691999E-01 6.70898000E-01 1.59980000E-02 
1.25000000E-01  8.06000000E+02  5.36890000E+05   -4.9652092686591637E-01  2.4858476494274045E-01 -2.4793616192317591E-01    5.8524448320748566E-08    6.1357218712604483E-10  1.7384454991540210E-08    8.3248306912056991E-04 -4.5280653498764987E-04  9.7546865071731353E-04   6.25034904E+00 6.24205100E+00 8.99800000E-03 
2.50000000E-01  1.55400000E+03  1.02718500E+06   -4.9641141680436296E-01  2.4847525320782729E-01 -2.4793616359653567E-01    6.7491556832042910E-09    2.7550311108682778E-09  1.6772662251587727E-08    8.3248080525011520E-04 -4.5280944553572250E-04  9.7546789496870553E-04   1.20128851E+01 1.19941770E+01 1.89970000E-02 
3.75000000E-01  2.32800000E+03  1.51494100E+06   -4.9633763530440983E-01  2.4840147200295801E-01 -2.4793616330145182E-01   -1.1901605718436299E-09    1.1544296441837126E-04  3.1699145504407787E-05    8.3222774794700788E-04 -4.5259352470240468E-04  9.7537739284674952E-04   1.77818131E+01 1.77523010E+01 2.99950000E-02 
5.00000000E-01  3.16400000E+03  2.00296200E+06   -4.9637814342427511E-01  2.4844197590298678E-01 -2.4793616752128833E-01    1.7019850802768297E-08    8.0347187739821193E-09  2.3984794368190161E-08    8.3247554770634388E-04 -4.5281255101715749E-04  9.7546620988770859E-04   2.36526341E+01 2.36134100E+01 3.99940000E-02 
6.25000000E-01  3.90300000E+03  2.49158700E+06   -4.9640329100835967E-01  2.4846712752926106E-01 -2.4793616347909861E-01   -1.6303348407142594E-08    7.2243983483210743E-05  1.7771724520125156E-05    8.3214484488076685E-04 -4.5262767209228101E-04  9.7556074008183012E-04   2.93802500E+01 2.93325410E+01 4.89920000E-02 
7.50000000E-01  4.74000000E+03  2.98200300E+06   -4.9638167947477163E-01  2.4844551636218870E-01 -2.4793616311258293E-01   -1.4782663157114468E-09    7.7510992278840782E-05  1.7305964479684921E-05    8.3246626169282563E-04 -4.5263197716732454E-04  9.7564442032854780E-04   3.52767711E+01 3.52176460E+01 5.89910000E-02 
8.75000000E-01  5.48000000E+03  3.47390600E+06   -4.9630927666995950E-01  2.4837311831895176E-01 -2.4793615835100774E-01   -1.9204843415808237E-08    1.3169660714356483E-04  2.6268031384739395E-05    8.3232310748341588E-04 -4.5244628337890212E-04  9.7584451665223566E-04   4.10539660E+01 4.09857690E+01 6.89890000E-02 
1.00000000E+00  6.22700000E+03  3.96144600E+06   -4.9626649911472509E-01  2.4833032861155047E-01 -2.4793617050317462E-01    4.9013290214326279E-08    2.8202157676091578E-08  5.1664916697585550E-08    8.3242915266445842E-04 -4.5282203094366985E-04  9.7551872621304443E-04   4.67942071E+01 4.67168980E+01 7.79880000E-02 
0.00000000E+00  0.00000000E+00  0.00000000E+00   -4.9666814982780949E-01  2.4856374597980363E-01 -2.4810440384800586E-01   -0.0000000000000000E+00    7.0008653316637152E-17  3.4120728624674800E-17    1.0319594597485071E-03  5.4650037698237642E-04 -1.4829140461686794E-04   8.69699001E-01 8.52870000E-01 1.59970000E-02 
1.25000000E-01  5.90000000E+03  2.97049100E+06   -4.9648310124340739E-01  2.4837624496712599E-01 -2.4810685627628140E-01    9.8846624143054407E-06    1.6361565589698883E-07  1.7396505478046677E-06    1.0304691938003484E-03  5.4689750112634807E-04 -1.4815908830803415E-04   3.38128848E+01 3.38028610E+01 1.09990000E-02 
2.50000000E-01  1.16540000E+04  5.91376700E+06   -4.9634336410902380E-01  2.4823650775708964E-01 -2.4810685635193416E-01    3.0492007745490289E-10    3.8105010048121353E-07  1.7418771764461124E-06    1.0304710514976816E-03  5.4689233124024486E-04 -1.4816334942465760E-04   6.72014909E+01 6.71817870E+01 2.09970000E-02 
3.75000000E-01  1.72240000E+04  8.85930000E+06   -4.9627086609475679E-01  2.4816400643971581E-01 -2.4810685965504098E-01    1.3313242787448884E-08    2.5967078555144557E-05  6.9269532176879338E-06    1.0304996280791014E-03  5.4691732094094511E-04 -1.4812808585625890E-04   1.00276914E+02 1.00246760E+02 3.19960000E-02 
5.00000000E-01  2.29680000E+04  1.18210050E+07   -4.9631938974320267E-01  2.4821252894745266E-01 -2.4810686079575001E-01    4.5976521117650635E-09    8.1469016949498861E-07  1.7353204351418533E-06    1.0304918128033994E-03  5.4687211165260557E-04 -1.4816290651358140E-04   1.33766850E+02 1.33725670E+02 4.29940000E-02 
6.25000000E-01  2.83330000E+04  1.47949140E+07   -4.9635953381322995E-01  2.4825267614895119E-01 -2.4810685766427876E-01   -1.2621461731974320E-08    1.2847169436882694E-05  8.9608904955158058E-06    1.0305278566801481E-03  5.4689222207822408E-04 -1.4821584058933397E-04   1.66856245E+02 1.66805642E+02 5.29920000E-02 
7.50000000E-01  3.45500000E+04  1.77906460E+07   -4.9634575307145612E-01  2.4823889540325009E-01 -2.4810685766820603E-01    1.5828966634398852E-11    2.7507743200676923E-05  5.5168164033483954E-06    1.0304927148160263E-03  5.4687854266238063E-04 -1.4816877192140623E-04   2.01406341E+02 2.01347390E+02 6.29910000E-02 
8.75000000E-01  4.11030000E+04  2.07915580E+07   -4.9627944037978938E-01  2.4817258588307484E-01 -2.4810685449671455E-01   -1.2782764313348087E-08    2.8504956669820511E-05  1.1752242814368271E-05    1.0305113204464884E-03  5.4688802808903277E-04 -1.4817183613835934E-04   2.36415481E+02 2.36348069E+02 7.19890000E-02 
1.00000000E+00  4.69550000E+04  2.37533220E+07   -4.9617995596904974E-01  2.4807310337105709E-01 -2.4810685259799264E-01   -7.6528393614068637E-09    1.6848030814157155E-06  1.7418626917791300E-06    1.0304987729391568E-03  5.4686810680362990E-04 -1.4815485541899378E-04   2.70106191E+02 2.70028949E+02 8.19880000E-02 
0.00000000E+00  0.00000000E+00  0.00000000E+00   -4.9666814982780949E-01  2.4856374597980363E-01 -2.4810440384800586E-01   -0.0000000000000000E+00    7.0008653316637152E-17  3.4120728624674800E-17    1.0319594597485071E-03  5.4650037698237642E-04 -1.4829140461686794E-04   1.87588096E+00 1.85671800E+00 1.89970000E-02 
1.25000000E-01  1.70000000E+03  1.62539200E+06   -4.9648304117230230E-01  2.4837863655132675E-01 -2.4810440462097555E-01    3.1155016850482472E-09    6.4356514467982027E-10  1.5527400253525368E-08    1.0319690927575946E-03  5.4650242674937383E-04 -1.4826239783800239E-04   2.34577372E+01 2.34494350E+01 8.99800000E-03 
2.50000000E-01  3.31600000E+03  3.19957800E+06   -4.9634313229366250E-01  2.4823872954578760E-01 -2.4810440274787490E-01   -7.5496468902730274E-09    1.7956543138929639E-09  1.5119001870755916E-08    1.0319689865010621E-03  5.4650118597468359E-04 -1.4826219740209404E-04   4.61096821E+01 4.60929930E+01 1.79970000E-02 
3.75000000E-01  4.88600000E+03  4.77159500E+06   -4.9626893511536152E-01  2.4816453368930119E-01 -2.4810440142606033E-01   -5.3276546478912980E-09    3.8903840447989283E-05  1.1408994027036045E-05    1.0319965402906096E-03  5.4654595283014839E-04 -1.4822253473870402E-04   6.86715832E+01 6.86455640E+01 2.79950000E-02 
5.00000000E-01  6.52100000E+03  6.34989700E+06   -4.9631857685223102E-01  2.4821417718286273E-01 -2.4810439966936829E-01   -7.0804549686946183E-09    5.9308225988258477E-09  1.7262443426845000E-08    1.0319710156121353E-03  5.4650152205102461E-04 -1.4825998124492847E-04   9.14539180E+01 9.14181030E+01 3.79940000E-02 
6.25000000E-01  8.04900000E+03  7.93064700E+06   -4.9635558178239303E-01  2.4825118414883482E-01 -2.4810439763355821E-01   -8.2054573751457189E-09    2.6501602701563390E-05  1.0871633524153884E-05    1.0320205909832246E-03  5.4651519864564943E-04 -1.4829465748886312E-04   1.14053676E+02 1.14009668E+02 4.69930000E-02 
7.50000000E-01  9.83100000E+03  9.51731500E+06   -4.9634202469874938E-01  2.4823763088437720E-01 -2.4810439381437219E-01   -1.5393463636350429E-08    1.7784917628407668E-05  4.5541889650868472E-06    1.0319580012065240E-03  5.4648182064532852E-04 -1.4832156940986789E-04   1.37266147E+02 1.37213141E+02 5.69910000E-02 
8.75000000E-01  1.16320000E+04  1.11047680E+07   -4.9627383745851655E-01  2.4816944539742966E-01 -2.4810439206108689E-01   -7.0667240824332020E-09    8.4398260581497516E-06  9.7438536427781719E-06    1.0319306478946593E-03  5.4648003081941799E-04 -1.4839887468667026E-04   1.60545520E+02 1.60483603E+02 6.59900000E-02 
1.00000000E+00  1.32700000E+04  1.26816860E+07   -4.9617685370718639E-01  2.4807246278685968E-01 -2.4810439092032671E-01   -4.5979040164729744E-09    1.5549249106978745E-08  2.1118761012885180E-08    1.0319863977698437E-03  5.4648422832690195E-04 -1.4825881453800699E-04   1.83316280E+02 1.83245143E+02 7.59880000E-02 
0.00000000E+00  0.00000000E+00  0.00000000E+00   -4.9666814982780949E-01  2.4856374597980363E-01 -2.4810440384800586E-01   -0.0000000000000000E+00    7.0008653316637152E-17  3.4120728624674800E-17    1.0319594597485071E-03  5.4650037698237642E-04 -1.4829140461686794E-04   2.58383989E+00 2.56561000E+00 1.79970000E-02 
1.25000000E-01  1.28500000E+03  1.28837700E+06   -4.9648304190722009E-01  2.4837864272382695E-01 -2.4810439918339314E-01   -1.8801007364290279E-08    1.6819270411775335E-10  5.1426954270956755E-09    1.0319535491680129E-03  5.4650450992438653E-04 -1.4829437570416807E-04   2.68018339E+01 2.67939270E+01 8.99900000E-03 
2.50000000E-01  2.51300000E+03  2.47706200E+06   -4.9634313387151791E-01  2.4823873281492420E-01 -2.4810440105659370E-01    7.5500497897152473E-09    8.6075890573880403E-10  5.7825237491509950E-09    1.0319545909165564E-03  5.4650369439272263E-04 -1.4829564956088655E-04   5.17119579E+01 5.16931420E+01 1.89970000E-02 
3.75000000E-01  3.69400000E+03  3.66255000E+06   -4.9626605345589631E-01  2.4816165311799712E-01 -2.4810440033789918E-01   -2.8967423290443664E-09    3.5513968263134544E-05  1.9343023914842736E-05    1.0319947609960119E-03  5.4644927290653207E-04 -1.4822160923039636E-04   7.64363980E+01 7.64083850E+01 2.89960000E-02 
5.00000000E-01  4.92000000E+03  4.85487600E+06   -4.9631858308563326E-01  2.4821418332970752E-01 -2.4810439975592574E-01   -2.3456796448088287E-09    4.3906845985199412E-09  5.7148492108196522E-08    1.0319257382424595E-03  5.4651487286530576E-04 -1.4826904041071479E-04   1.01426002E+02 1.01387587E+02 3.99940000E-02 
6.25000000E-01  6.07400000E+03  6.04748600E+06   -4.9635686826220388E-01  2.4825246380569441E-01 -2.4810440445650947E-01    1.8945991011996104E-08    4.1970797310312492E-05  1.1565379131436451E-05    1.0319471994542694E-03  5.4649191361799058E-04 -1.4826580791216834E-04   1.26202985E+02 1.26154822E+02 4.99920000E-02 
7.50000000E-01  7.43800000E+03  7.24646100E+06   -4.9634450836453003E-01  2.4824010362349397E-01 -2.4810440474103607E-01    1.1468018770203049E-09    1.0893858278138919E-05  1.0472917428043288E-05    1.0318838418282934E-03  5.4652286730229847E-04 -1.4825071368011511E-04   1.51710715E+02 1.51654945E+02 5.89910000E-02 
8.75000000E-01  8.81900000E+03  8.44446500E+06   -4.9627839188137601E-01  2.4817399041583943E-01 -2.4810440146553658E-01   -1.3202101293512325E-08    4.5278457203773690E-05  1.3449184581343682E-05    1.0318482918741450E-03  5.4644378208494561E-04 -1.4829435211330690E-04   1.77259250E+02 1.77195063E+02 6.79900000E-02 
1.00000000E+00  1.00640000E+04  9.63600200E+06   -4.9617689640983814E-01  2.4807250445858522E-01 -2.4810439195125292E-01   -3.8347903585213296E-08    3.5685827546129556E-08  5.5023939358416897E-08    1.0318861515737398E-03  5.4657488214914407E-04 -1.4832920917561584E-04   2.02272401E+02 2.02198262E+02 7.79880000E-02 
0.00000000E+00  0.00000000E+00  0.00000000E+00   -4.9666814982780949E-01  2.4856374597980363E-01 -2.4810440384800586E-01   -0.0000000000000000E+00    7.0008653316637152E-17  3.4120728624674800E-17    1.0319594597485071E-03  5.4650037698237642E-04 -1.4829140461686794E-04   9.05137062E-01 8.61869000E-01 3.39950000E-02 
1.25000000E-01  5.90000000E+03  2.97049100E+06   -4.9648310124340739E-01  2.4837624496712599E-01 -2.4810685627628140E-01    9.8846624143054407E-06    1.6361565589698883E-07  1.7396505478046677E-06    1.0304691938003484E-03  5.4689750112634807E-04 -1.4815908830803415E-04   3.56094899E+01 3.50866660E+01 5.23921000E-01 
2.50000000E-01  1.16540000E+04  5.91376700E+06   -4.9634336410902380E-01  2.4823650775708964E-01 -2.4810685635193416E-01    3.0492007745490289E-10    3.8105010048121353E-07  1.7418771764461124E-06    1.0304710514976816E-03  5.4689233124024486E-04 -1.4816334942465760E-04   7.06853690E+01 6.96854060E+01 9.95849000E-01 
3.75000000E-01  1.72240000E+04  8.85930000E+06   -4.9627086609475679E-01  2.4816400643971581E-01 -2.4810685965504098E-01    1.3313242787448884E-08    2.5967078555144557E-05  6.9269532176879338E-06    1.0304996280791014E-03  5.4691732094094511E-04 -1.4812808585625890E-04   1.05425366E+02 1.03961195E+02 1.45777900E+00 
5.00000000E-01  2.29680000E+04  1.18210050E+07   -4.9631938974320267E-01  2.4821252894745266E-01 -2.4810686079575001E-01    4.5976521117650635E-09    8.1469016949498861E-07  1.7353204351418533E-06    1.0304918128033994E-03  5.4687211165260557E-04 -1.4816290651358140E-04   1.40619314E+02 1.38645922E+02 1.96670100E+00 
6.25000000E-01  2.83330000E+04  1.47949140E+07   -4.9635953381322995E-01  2.4825267614895119E-01 -2.4810685766427876E-01   -1.2621461731974320E-08    1.2847169436882694E-05  8.9608904955158058E-06    1.0305278566801481E-03  5.4689222207822408E-04 -1.4821584058933397E-04   1.75319142E+02 1.72903714E+02 2.40163500E+00 
7.50000000E-01  3.45500000E+04  1.77906460E+07   -4.9634575307145612E-01  2.4823889540325009E-01 -2.4810685766820603E-01    1.5828966634398852E-11    2.7507743200676923E-05  5.5168164033483954E-06    1.0304927148160263E-03  5.4687854266238063E-04 -1.4816877192140623E-04   2.11762960E+02 2.08818254E+02 2.93155500E+00 
8.75000000E-01  4.11030000E+04  2.07915580E+07   -4.9627944037978938E-01  2.4817258588307484E-01 -2.4810685449671455E-01   -1.2782764313348087E-08    2.8504956669820511E-05  1.1752242814368271E-05    1.0305113204464884E-03  5.4688802808903277E-04 -1.4817183613835934E-04   2.48796544E+02 2.45339702E+02 3.43647800E+00 
1.00000000E+00  4.69550000E+04  2.37533220E+07   -4.9617995596904974E-01  2.4807310337105709E-01 -2.4810685259799264E-01   -7.6528393614068637E-09    1.6848030814157155E-06  1.7418626917791300E-06    1.0304987729391568E-03  5.4686810680362990E-04 -1.4815485541899378E-04   2.84262330E+02 2.80349380E+02 3.89240800E+00 
0.00000000E+00  0.00000000E+00  0.00000000E+00   -4.9666814982780949E-01  2.4856374597980363E-01 -2.4810440384800586E-01   -0.0000000000000000E+00    7.0008653316637152E-17  3.4120728624674800E-17    1.0319594597485071E-03  5.4650037698237642E-04 -1.4829140461686794E-04   8.92461061E-01 8.58869000E-01 3.29950000E-02 
1.25000000E-01  5.90000000E+03  2.97049100E+06   -4.9648310124340739E-01  2.4837624496712599E-01 -2.4810685627628140E-01    9.8846624143054407E-06    1.6361565589698883E-07  1.7396505478046677E-06    1.0304691938003484E-03  5.4689750112634807E-04 -1.4815908830803415E-04   3.55215669E+01 3.50826670E+01 4.38933000E-01 
2.50000000E-01  1.16540000E+04  5.91376700E+06   -4.9634336410902380E-01  2.4823650775708964E-01 -2.4810685635193416E-01    3.0492007745490289E-10    3.8105010048121353E-07  1.7418771764461124E-06    1.0304710514976816E-03  5.4689233124024486E-04 -1.4816334942465760E-04   7.05408759E+01 6.97144020E+01 8.21875000E-01 
3.75000000E-01  1.72240000E+04  8.85930000E+06   -4.9627086609475679E-01  2.4816400643971581E-01 -2.4810685965504098E-01    1.3313242787448884E-08    2.5967078555144557E-05  6.9269532176879338E-06    1.0304996280791014E-03  5.4691732094094511E-04 -1.4812808585625890E-04   1.05226858E+02 1.04044183E+02 1.17882100E+00 
5.00000000E-01  2.29680000E+04  1.18210050E+07   -4.9631938974320267E-01  2.4821252894745266E-01 -2.4810686079575001E-01    4.5976521117650635E-09    8.1469016949498861E-07  1.7353204351418533E-06    1.0304918128033994E-03  5.4687211165260557E-04 -1.4816290651358140E-04   1.40376013E+02 1.38830895E+02 1.53576700E+00 
6.25000000E-01  2.83330000E+04  1.47949140E+07   -4.9635953381322995E-01  2.4825267614895119E-01 -2.4810685766427876E-01   -1.2621461731974320E-08    1.2847169436882694E-05  8.9608904955158058E-06    1.0305278566801481E-03  5.4689222207822408E-04 -1.4821584058933397E-04   1.75020767E+02 1.73076689E+02 1.93570600E+00 
7.50000000E-01  3.45500000E+04  1.77906460E+07   -4.9634575307145612E-01  2.4823889540325009E-01 -2.4810685766820603E-01    1.5828966634398852E-11    2.7507743200676923E-05  5.5168164033483954E-06    1.0304927148160263E-03  5.4687854266238063E-04 -1.4816877192140623E-04   2.11419290E+02 2.09034222E+02 2.37763900E+00 
8.75000000E-01  4.11030000E+04  2.07915580E+07   -4.9627944037978938E-01  2.4817258588307484E-01 -2.4810685449671455E-01   -1.2782764313348087E-08    2.8504956669820511E-05  1.1752242814368271E-05    1.0305113204464884E-03  5.4688802808903277E-04 -1.4817183613835934E-04   2.48392127E+02 2.45562669E+02 2.82257100E+00 
1.00000000E+00  4.69550000E+04  2.37533220E+07   -4.9617995596904974E-01  2.4807310337105709E-01 -2.4810685259799264E-01   -7.6528393614068637E-09    1.6848030814157155E-06  1.7418626917791300E-06    1.0304987729391568E-03  5.4686810680362990E-04 -1.4815485541899378E-04   2.83773966E+02 2.80548350E+02 3.21951100E+00 
0.00000000E+00  0.00000000E+00  0.00000000E+00   -4.9253315720878155E-01  2.5216583578782031E-01 -2.4036732142096123E-01   -0.0000000000000000E+00    7.0748589130729121E-17  5.1770547302614091E-17    1.8932872330859003E-02 -2.5195636404426727E-03 -5.9032969078750917E-03   2.22182274E-03 1.95900000E-03 1.75000000E-04 
1.25000000E-01  5.45000000E+02  2.32420000E+04   -4.9246439581721918E-01  2.5209712080213126E-01 -2.4036727501508792E-01   -1.9306232243382575E-07    6.0561053694089471E-09  5.7031930406153034E-08    1.8932832961638304E-02 -2.5195876040719888E-03 -5.9032804795312510E-03   6.24539852E-02 5.24060000E-02 2.78300000E-03 
2.50000000E-01  8.77000000E+02  4.31680000E+04   -4.9204168420933830E-01  2.5167441151590403E-01 -2.4036727269343428E-01   -9.6587759168235537E-09    1.2699164060209429E-08  5.3104546550847408E-08    1.8932834932302772E-02 -2.5195864277343491E-03 -5.9032793824631549E-03   1.12933874E-01 9.56030000E-02 4.83600000E-03 
3.75000000E-01  1.35800000E+03  6.30350000E+04   -4.9091751953239465E-01  2.5055024790305491E-01 -2.4036727162933974E-01   -4.4269526495215160E-09    1.9065062601523805E-08  5.0687186021729455E-08    1.8932832329968490E-02 -2.5195850566056234E-03 -5.9032823188200217E-03   1.66946888E-01 1.40194000E-01 7.41400000E-03 
5.00000000E-01  1.81200000E+03  8.33770000E+04   -4.8999820894398038E-01  2.4963093271735928E-01 -2.4036727622662110E-01    1.9126070408790708E-08    2.5514017368620154E-08  5.7522773182897471E-08    1.8932833498480229E-02 -2.5195868827304641E-03 -5.9032818302520388E-03   2.19683886E-01 1.84427000E-01 9.59700000E-03 
6.25000000E-01  2.13500000E+03  1.02755000E+05   -4.8914035909622050E-01  2.4877308212118812E-01 -2.4036727697503238E-01    3.1136155018467548E-09    3.2723273940140237E-08  5.8849332017886781E-08    1.8932835394783038E-02 -2.5195843120137439E-03 -5.9032795110416274E-03   2.65900850E-01 2.24592000E-01 1.12480000E-02 
7.50000000E-01  2.53000000E+03  1.23083000E+05   -4.8723529591881376E-01  2.4686802094300869E-01 -2.4036727497580507E-01   -8.3173855303331909E-09    4.0279550227113233E-08  5.9699218524715253E-08    1.8932838533296387E-02 -2.5195843787774630E-03 -5.9032771085041381E-03   3.17198992E-01 2.68344000E-01 1.31800000E-02 
8.75000000E-01  2.78600000E+03  1.41950000E+05   -4.8471332786110072E-01  2.4434605205948387E-01 -2.4036727580161685E-01    3.4356248376689792E-09    4.7300080318860271E-08  5.4847777388533352E-08    1.8932842956348291E-02 -2.5195853505643952E-03 -5.9032761383545984E-03   3.74839783E-01 3.15735000E-01 1.61760000E-02 
1.00000000E+00  3.14400000E+03  1.60901000E+05   -4.8190974115000296E-01  2.4154246407983579E-01 -2.4036727707016717E-01    5.2775500163780254E-09    5.4277104226729508E-08  5.9590097061882415E-08    1.8932841643821946E-02 -2.5195863517756974E-03 -5.9032784311755151E-03   4.30497885E-01 3.60868000E-01 1.92720000E-02 
0.00000000E+00  0.00000000E+00  0.00000000E+00   -4.9253315720878155E-01  2.5216583578782031E-01 -2.4036732142096123E-01   -0.0000000000000000E+00    7.0748589130729121E-17  5.1770547302614091E-17    1.8932872330859003E-02 -2.5195636404426727E-03 -5.9032969078750917E-03   3.46684456E-03 2.16200000E-03 3.35000000E-04 
1.25000000E-01  5.45000000E+02  2.32420000E+04   -4.9246439581721918E-01  2.5209712080213126E-01 -2.4036727501508792E-01   -1.9306232243382575E-07    6.0561053694089471E-09  5.7031930406153034E-08    1.8932832961638304E-02 -2.5195876040719888E-03 -5.9032804795312510E-03   8.65340233E-02 6.80330000E-02 5.91800000E-03 
2.50000000E-01  8.77000000E+02  4.31680000E+04   -4.9204168420933830E-01  2.5167441151590403E-01 -2.4036727269343428E-01   -9.6587759168235537E-09    1.2699164060209429E-08  5.3104546550847408E-08    1.8932834932302772E-02 -2.5195864277343491E-03 -5.9032793824631549E-03   1.56817913E-01 1.24627000E-01 1.05750000E-02 
3.75000000E-01  1.35800000E+03  6.30350000E+04   -4.9091751953239465E-01  2.5055024790305491E-01 -2.4036727162933974E-01   -4.4269526495215160E-09    1.9065062601523805E-08  5.0687186021729455E-08    1.8932832329968490E-02 -2.5195850566056234E-03 -5.9032823188200217E-03   2.35791922E-01 1.84932000E-01 1.60260000E-02 
5.00000000E-01  1.81200000E+03  8.33770000E+04   -4.8999820894398038E-01  2.4963093271735928E-01 -2.4036727622662110E-01    1.9126070408790708E-08    2.5514017368620154E-08  5.7522773182897471E-08    1.8932833498480229E-02 -2.5195868827304641E-03 -5.9032818302520388E-03   3.14050913E-01 2.46137000E-01 2.11040000E-02 
6.25000000E-01  2.13500000E+03  1.02755000E+05   -4.8914035909622050E-01  2.4877308212118812E-01 -2.4036727697503238E-01    3.1136155018467548E-09    3.2723273940140237E-08  5.8849332017886781E-08    1.8932835394783038E-02 -2.5195843120137439E-03 -5.9032795110416274E-03   3.79605055E-01 2.99667000E-01 2.53280000E-02 
7.50000000E-01  2.53000000E+03  1.23083000E+05   -4.8723529591881376E-01  2.4686802094300869E-01 -2.4036727497580507E-01   -8.3173855303331909E-09    4.0279550227113233E-08  5.9699218524715253E-08    1.8932838533296387E-02 -2.5195843787774630E-03 -5.9032771085041381E-03   4.52311993E-01 3.57460000E-01 3.02520000E-02 
8.75000000E-01  2.78600000E+03  1.41950000E+05   -4.8471332786110072E-01  2.4434605205948387E-01 -2.4036727580161685E-01    3.4356248376689792E-09    4.7300080318860271E-08  5.4847777388533352E-08    1.8932842956348291E-02 -2.5195853505643952E-03 -5.9032761383545984E-03   5.16965866E-01 4.10913000E-01 3.39540000E-02 
1.00000000E+00  3.14400000E+03  1.60901000E+05   -4.8190974115000296E-01  2.4154246407983579E-01 -2.4036727707016717E-01    5.2775500163780254E-09    5.4277104226729508E-08  5.9590097061882415E-08    1.8932841643821946E-02 -2.5195863517756974E-03 -5.9032784311755151E-03   5.89823008E-01 4.65913000E-01 3.81660000E-02 
0.00000000E+00  0.00000000E+00  0.00000000E+00   -4.9253315720878155E-01  2.5216583578782031E-01 -2.4036732142096123E-01   -0.0000000000000000E+00    7.0748589130729121E-17  5.1770547302614091E-17    1.8932872330859003E-02 -2.5195636404426727E-03 -5.9032969078750917E-03   3.11779976E-03 2.40000000E-03 3.35000000E-04 
1.25000000E-01  5.45000000E+02  2.32420000E+04   -4.9246439581721918E-01  2.5209712080213126E-01 -2.4036727501508792E-01   -1.9306232243382575E-07    6.0561053694089471E-09  5.7031930406153034E-08    1.8932832961638304E-02 -2.5195876040719888E-03 -5.9032804795312510E-03   1.01505995E-01 8.04810000E-02 6.29500000E-03 
2.50000000E-01  8.77000000E+02  4.31680000E+04   -4.9204168420933830E-01  2.5167441151590403E-01 -2.4036727269343428E-01   -9.6587759168235537E-09    1.2699164060209429E-08  5.3104546550847408E-08    1.8932834932302772E-02 -2.5195864277343491E-03 -5.9032793824631549E-03   1.76269054E-01 1.41632000E-01 1.07150000E-02 
3.75000000E-01  1.35800000E+03  6.30350000E+04   -4.9091751953239465E-01  2.5055024790305491E-01 -2.4036727162933974E-01   -4.4269526495215160E-09    1.9065062601523805E-08  5.0687186021729455E-08    1.8932832329968490E-02 -2.5195850566056234E-03 -5.9032823188200217E-03   2.58347034E-01 2.06876000E-01 1.62800000E-02 
5.00000000E-01  1.81200000E+03  8.33770000E+04   -4.8999820894398038E-01  2.4963093271735928E-01 -2.4036727622662110E-01    1.9126070408790708E-08    2.5514017368620154E-08  5.7522773182897471E-08    1.8932833498480229E-02 -2.5195868827304641E-03 -5.9032818302520388E-03   3.49456072E-01 2.76152000E-01 2.15010000E-02 
6.25000000E-01  2.13500000E+03  1.02755000E+05   -4.8914035909622050E-01  2.4877308212118812E-01 -2.4036727697503238E-01    3.1136155018467548E-09    3.2723273940140237E-08  5.8849332017886781E-08    1.8932835394783038E-02 -2.5195843120137439E-03 -5.9032795110416274E-03   4.32631969E-01 3.41736000E-01 2.62940000E-02 
7.50000000E-01  2.53000000E+03  1.23083000E+05   -4.8723529591881376E-01  2.4686802094300869E-01 -2.4036727497580507E-01   -8.3173855303331909E-09    4.0279550227113233E-08  5.9699218524715253E-08    1.8932838533296387E-02 -2.5195843787774630E-03 -5.9032771085041381E-03   5.45156956E-01 4.20209000E-01 3.22310000E-02 
8.75000000E-01  2.78600000E+03  1.41950000E+05   -4.8471332786110072E-01  2.4434605205948387E-01 -2.4036727580161685E-01    3.4356248376689792E-09    4.7300080318860271E-08  5.4847777388533352E-08    1.8932842956348291E-02 -2.5195853505643952E-03 -5.9032761383545984E-03   6.33772135E-01 4.90024000E-01 3.64110000E-02 
1.00000000E+00  3.14400000E+03  1.60901000E+05   -4.8190974115000296E-01  2.4154246407983579E-01 -2.4036727707016717E-01    5.2775500163780254E-09    5.4277104226729508E-08  5.9590097061882415E-08    1.8932841643821946E-02 -2.5195863517756974E-03 -5.9032784311755151E-03   7.04946995E-01 5.48033000E-01 4.05010000E-02 
0.00000000E+00  0.00000000E+00  0.00000000E+00   -5.0069373308413601E-01  2.5014358068294784E-01 -2.5055015240118816E-01   -0.0000000000000000E+00    1.6949010672799252E-15  9.3068364005682057E-16    1.9827209391320376E-03 -3.0912609656871355E-03  1.8997721972277861E-03   2.63995886E-01 2.55357000E-01 3.62500000E-03 
1.25000000E-01  1.89600000E+03  3.33631000E+05   -5.0054588916549070E-01  2.4999555207701177E-01 -2.5055033708847896E-01    7.3712703434436572E-07    2.6401047318617181E-08  2.8210012852959259E-07    1.9828504912637050E-03 -3.0911628985311975E-03  1.8998377462828926E-03   9.22447801E+00 8.75055600E+00 1.30936000E-01 
2.50000000E-01  3.51500000E+03  6.59282000E+05   -5.0035864234858096E-01  2.4980830928504044E-01 -2.5055033306354052E-01   -1.6064390432949247E-08    6.1877514261416831E-08  2.8535125860530690E-07    1.9828521602554680E-03 -3.0911632879243225E-03  1.8998357806335672E-03   1.83824899E+01 1.74302950E+01 2.66516000E-01 
3.75000000E-01  5.53900000E+03  9.83598000E+05   -5.0013562624390107E-01  2.4958529668961740E-01 -2.5055032955428369E-01   -1.4006195029404735E-08    9.7658881156428489E-08  2.8585936264110702E-07    1.9828523669519677E-03 -3.0911639635996715E-03  1.8998355630499158E-03   2.76601140E+01 2.61893420E+01 4.09286000E-01 
5.00000000E-01  7.43000000E+03  1.30510400E+06   -4.9994780137958306E-01  2.4939747212450761E-01 -2.5055032925507548E-01   -1.1942040319532799E-09    1.3338800364800658E-07  2.8681522557596198E-07    1.9828523079207317E-03 -3.0911628630862237E-03  1.8998337642921999E-03   3.69011080E+01 3.48804080E+01 5.55905000E-01 
6.25000000E-01  9.22000000E+03  1.62515400E+06   -4.9978113497900778E-01  2.4923080754152710E-01 -2.5055032743748068E-01   -7.2544099315193938E-09    1.6866447950426264E-07  2.8086625353666219E-07    1.9828530015919841E-03 -3.0911638043334298E-03  1.8998339517624419E-03   4.60843680E+01 4.35531640E+01 6.96331000E-01 
7.50000000E-01  1.09480000E+04  1.95128300E+06   -4.9963774305102937E-01  2.4908741693436762E-01 -2.5055032611666173E-01   -5.2716712355472111E-09    2.0396567370566536E-07  2.8256214704269111E-07    1.9828500868530282E-03 -3.0911677956593610E-03  1.8998344414320222E-03   5.54458830E+01 5.23947600E+01 8.32810000E-01 
8.75000000E-01  1.28200000E+04  2.27926300E+06   -4.9971986195196205E-01  2.4916954135346236E-01 -2.5055032059849969E-01   -2.2024166258123304E-08    2.3922056688402116E-07  2.7998336818789212E-07    1.9828510686799119E-03 -3.0911669172731773E-03  1.8998307782269895E-03   6.47994199E+01 6.12361890E+01 9.76496000E-01 
1.00000000E+00  1.47080000E+04  2.60471500E+06   -4.9987503820073070E-01  2.4932471827216224E-01 -2.5055031992856847E-01   -2.6738390116932597E-09    2.7446548546651433E-07  2.8285954512254774E-07    1.9828495561505272E-03 -3.0911698074642777E-03  1.8998305420651479E-03   7.39711039E+01 6.99505700E+01 1.11042000E+00 
0.00000000E+00  0.00000000E+00  0.00000000E+00   -5.0069373308413601E-01  2.5014358068294784E-01 -2.5055015240118816E-01   -0.0000000000000000E+00    1.6949010672799252E-15  9.3068364005682057E-16    1.9827209391320376E-03 -3.0912609656871355E-03  1.8997721972277861E-03   1.77557945E-01 1.75151000E-01 8.98000000E-04 
1.25000000E-01  1.89600000E+03  3.33631000E+05   -5.0054588916549070E-01  2.4999555207701177E-01 -2.5055033708847896E-01    7.3712703434436572E-07    2.6401047318617181E-08  2.8210012852959259E-07    1.9828504912637050E-03 -3.0911628985311975E-03  1.8998377462828926E-03   6.22643518E+00 6.05606800E+00 4.66160000E-02 
0.00000000E+00  0.00000000E+00  0.00000000E+00   -5.0540516558321380E-01  2.5015557042325498E-01 -2.5524959515995882E-01   -0.0000000000000000E+00    7.5603942497466688E-16  4.8128691795920790E-16    3.6328238269214370E-03 -6.1986346853614028E-03 -5.3859859860476130E-04   5.95488548E-02 5.80050000E-02 5.24000000E-04 
1.25000000E-01  1.03000000E+03  1.44973000E+05   -5.0590135430683503E-01  2.5065221856679282E-01 -2.5524913574004221E-01   -1.7998849961810360E-06    5.4993364752882798E-08  5.6453239194774805E-07    3.6325911518874563E-03 -6.1987806686503860E-03 -5.3864894715362980E-04   1.35756588E+00 1.30514400E+00 1.47020000E-02 
2.50000000E-01  2.43100000E+03  2.86133000E+05   -5.0655884592727718E-01  2.5130971415359649E-01 -2.5524913177368069E-01   -1.5539177069122158E-08    1.2528258007173589E-07  5.6345139443676974E-07    3.6325928115073809E-03 -6.1987804859091515E-03 -5.3864944410337103E-04   2.74829388E+00 2.62898900E+00 3.26840000E-02 
3.75000000E-01  3.69800000E+03  4.32697000E+05   -5.0708783282272774E-01  2.5183870540331466E-01 -2.5524912741941308E-01   -1.7058892944634264E-08    1.9568389585283402E-07  5.6283797968454509E-07    3.6325941944135862E-03 -6.1987804911505630E-03 -5.3864892958207058E-04   4.28258300E+00 4.07386600E+00 5.78660000E-02 
5.00000000E-01  4.81300000E+03  5.75535000E+05   -5.0769186353211804E-01  2.5244273886881141E-01 -2.5524912466330663E-01   -1.0797711561390598E-08    2.6591689501297469E-07  5.6270448687638835E-07    3.6325935192808492E-03 -6.1987822263925470E-03 -5.3864961800461969E-04   5.68733096E+00 5.40845300E+00 7.68670000E-02 
6.25000000E-01  6.18200000E+03  7.22978000E+05   -5.0814903226518626E-01  2.5289990725967504E-01 -2.5524912500551122E-01    1.3406690363507365E-09    3.3600342267275329E-07  5.6142958199994037E-07    3.6325968563883176E-03 -6.1987834160090504E-03 -5.3865182536928487E-04   7.05880284E+00 6.73185200E+00 8.95960000E-02 
7.50000000E-01  7.43900000E+03  8.70244000E+05   -5.0879992157631393E-01  2.5355079731105740E-01 -2.5524912426525653E-01   -2.9001262623822474E-09    4.0617228674340151E-07  5.6095590986264466E-07    3.6325964410562645E-03 -6.1987842670571834E-03 -5.3865101018320250E-04   8.50948691E+00 8.13822300E+00 1.01523000E-01 
8.75000000E-01  8.41400000E+03  1.01352700E+06   -5.0928167066875507E-01  2.5403254912780965E-01 -2.5524912154094542E-01   -1.0673145766427800E-08    4.7634152324987139E-07  5.6105860380271151E-07    3.6325983634323332E-03 -6.1987817527481334E-03 -5.3865142664800839E-04   9.93451881E+00 9.52670900E+00 1.11626000E-01 
1.00000000E+00  9.90400000E+03  1.16137000E+06   -5.0986956944319395E-01  2.5462044820762808E-01 -2.5524912123556587E-01   -1.1963980644994863E-09    5.4619339917803081E-07  5.5764904264807824E-07    3.6326003623428590E-03 -6.1987792347559818E-03 -5.3864842488617070E-04   1.14699349E+01 1.10131570E+01 1.25318000E-01 
0.00000000E+00  0.00000000E+00  0.00000000E+00   -5.0540516558321413E-01  2.5015557042325498E-01 -2.5524959515995915E-01   -0.0000000000000000E+00    7.5603942497466688E-16  4.8128691795920790E-16    3.6328238269214370E-03 -6.1986346853614028E-03 -5.3859859860476130E-04   8.95478725E-02 8.85890000E-02 4.09000000E-04 
1.25000000E-01  1.03000000E+03  1.44973000E+05   -5.0590135430683514E-01  2.5065221856679282E-01 -2.5524913574004232E-01   -1.7998849970509454E-06    5.4993364752321599E-08  5.6453239194522559E-07    3.6325911518874546E-03 -6.1987806686503860E-03 -5.3864894715363034E-04   2.53036618E+00 2.48668200E+00 1.22350000E-02 
2.50000000E-01  2.43100000E+03  2.86133000E+05   -5.0655884592727740E-01  2.5130971415359638E-01 -2.5524913177368103E-01   -1.5539176199208902E-08    1.2528258006953564E-07  5.6345139443279133E-07    3.6325928115073826E-03 -6.1987804859091533E-03 -5.3864944410337364E-04   4.91898298E+00 4.83610900E+00 2.20370000E-02 
3.75000000E-01  3.69800000E+03  4.32697000E+05   -5.0708783282272774E-01  2.5183870540331466E-01 -2.5524912741941308E-01   -1.7058894249504136E-08    1.9568389584285378E-07  5.6283797968823338E-07    3.6325941944135914E-03 -6.1987804911505682E-03 -5.3864892958206906E-04   7.42409015E+00 7.30419200E+00 3.21750000E-02 
5.00000000E-01  4.81300000E+03  5.75535000E+05   -5.0769186353211804E-01  2.5244273886881108E-01 -2.5524912466330696E-01   -1.0797710256520683E-08    2.6591689501089851E-07  5.6270448687735185E-07    3.6325935192808513E-03 -6.1987822263925418E-03 -5.3864961800461719E-04   9.86774516E+00 9.71582000E+00 4.09380000E-02 
6.25000000E-01  6.18200000E+03  7.22978000E+05   -5.0814903226518626E-01  2.5289990725967504E-01 -2.5524912500551122E-01    1.3406677314808050E-09    3.3600342268309048E-07  5.6142958199796340E-07    3.6325968563883180E-03 -6.1987834160090590E-03 -5.3865182536928780E-04   1.23557751E+01 1.21750800E+01 4.91700000E-02 
7.50000000E-01  7.43900000E+03  8.70244000E+05   -5.0879992157631382E-01  2.5355079731105767E-01 -2.5524912426525614E-01   -2.9001277847304971E-09    4.0617228675420488E-07  5.6095590985702026E-07    3.6325964410562771E-03 -6.1987842670571921E-03 -5.3865101018319914E-04   1.48239150E+01 1.46160030E+01 5.69530000E-02 
8.75000000E-01  8.41400000E+03  1.01352700E+06   -5.0928167066875529E-01  2.5403254912780976E-01 -2.5524912154094553E-01   -1.0673143809122919E-08    4.7634152324737254E-07  5.6105860380255131E-07    3.6325983634323258E-03 -6.1987817527481412E-03 -5.3865142664799928E-04   1.72138131E+01 1.69826760E+01 6.36140000E-02 
1.00000000E+00  9.90400000E+03  1.16137000E+06   -5.0986956944319384E-01  2.5462044820762797E-01 -2.5524912123556587E-01   -1.1963984994561344E-09    5.4619339917323596E-07  5.5764904263989812E-07    3.6326003623428633E-03 -6.1987792347559852E-03 -5.3864842488616572E-04   1.97831371E+01 1.95132720E+01 7.52720000E-02 
0.00000000E+00  0.00000000E+00  0.00000000E+00   -5.0540516558321380E-01  2.5015557042325498E-01 -2.5524959515995882E-01   -0.0000000000000000E+00    7.5603942497466688E-16  4.8128691795920790E-16    3.6328238269214370E-03 -6.1986346853614028E-03 -5.3859859860476130E-04   5.91549873E-02 5.53690000E-02 1.04100000E-03 
1.25000000E-01  1.03000000E+03  1.44973000E+05   -5.0590135430683503E-01  2.5065221856679282E-01 -2.5524913574004221E-01   -1.7998849961810360E-06    5.4993364752882798E-08  5.6453239194774805E-07    3.6325911518874563E-03 -6.1987806686503860E-03 -5.3864894715362980E-04   1.79621601E+00 1.68480400E+00 3.32010000E-02 
2.50000000E-01  2.43100000E+03  2.86133000E+05   -5.0655884592727718E-01  2.5130971415359649E-01 -2.5524913177368069E-01   -1.5539177069122158E-08    1.2528258007173589E-07  5.6345139443676974E-07    3.6325928115073809E-03 -6.1987804859091515E-03 -5.3864944410337103E-04   3.53015304E+00 3.30433700E+00 6.63510000E-02 
3.75000000E-01  3.69800000E+03  4.32697000E+05   -5.0708783282272774E-01  2.5183870540331466E-01 -2.5524912741941308E-01   -1.7058892944634264E-08    1.9568389585283402E-07  5.6283797968454509E-07    3.6325941944135862E-03 -6.1987804911505630E-03 -5.3864892958207058E-04   5.43033504E+00 5.06840600E+00 1.04479000E-01 
5.00000000E-01  4.81300000E+03  5.75535000E+05   -5.0769186353211804E-01  2.5244273886881141E-01 -2.5524912466330663E-01   -1.0797711561390598E-08    2.6591689501297469E-07  5.6270448687638835E-07    3.6325935192808492E-03 -6.1987822263925470E-03 -5.3864961800461969E-04   7.45553398E+00 6.97902300E+00 1.43326000E-01 
6.25000000E-01  6.18200000E+03  7.22978000E+05   -5.0814903226518626E-01  2.5289990725967504E-01 -2.5524912500551122E-01    1.3406690363507365E-09    3.3600342267275329E-07  5.6142958199994037E-07    3.6325968563883176E-03 -6.1987834160090504E-03 -5.3865182536928487E-04   9.42157102E+00 8.83066800E+00 1.80132000E-01 
7.50000000E-01  7.43900000E+03  8.70244000E+05   -5.0879992157631393E-01  2.5355079731105740E-01 -2.5524912426525653E-01   -2.9001262623822474E-09    4.0617228674340151E-07  5.6095590986264466E-07    3.6325964410562645E-03 -6.1987842670571834E-03 -5.3865101018320250E-04   1.13512931E+01 1.06431950E+01 2.18453000E-01 
8.75000000E-01  8.41400000E+03  1.01352700E+06   -5.0928167066875507E-01  2.5403254912780965E-01 -2.5524912154094542E-01   -1.0673145766427800E-08    4.7634152324987139E-07  5.6105860380271151E-07    3.6325983634323332E-03 -6.1987817527481334E-03 -5.3865142664800839E-04   1.32583101E+01 1.24402090E+01 2.53068000E-01 
1.00000000E+00  9.90400000E+03  1.16137000E+06   -5.0986956944319395E-01  2.5462044820762808E-01 -2.5524912123556587E-01   -1.1963980644994863E-09    5.4619339917803081E-07  5.5764904264807824E-07    3.6326003623428590E-03 -6.1987792347559818E-03 -5.3864842488617070E-04   1.52128291E+01 1.42833000E+01 2.90949000E-01 
0.00000000E+00  0.00000000E+00  0.00000000E+00   -5.0540516558321380E-01  2.5015557042325498E-01 -2.5524959515995882E-01   -0.0000000000000000E+00    7.5603942497466688E-16  4.8128691795920790E-16    3.6328238269214370E-03 -6.1986346853614028E-03 -5.3859859860476130E-04   5.78730106E-02 5.42380000E-02 1.18200000E-03 
1.25000000E-01  1.03000000E+03  1.44973000E+05   -5.0590135430683503E-01  2.5065221856679282E-01 -2.5524913574004221E-01   -1.7998849961810360E-06    5.4993364752882798E-08  5.6453239194774805E-07    3.6325911518874563E-03 -6.1987806686503860E-03 -5.3864894715362980E-04   1.73417211E+00 1.60234200E+00 3.55570000E-02 
2.50000000E-01  2.43100000E+03  2.86133000E+05   -5.0655884592727718E-01  2.5130971415359649E-01 -2.5524913177368069E-01   -1.5539177069122158E-08    1.2528258007173589E-07  5.6345139443676974E-07    3.6325928115073809E-03 -6.1987804859091515E-03 -5.3864944410337103E-04   3.44438314E+00 3.18020900E+00 7.38290000E-02 
3.75000000E-01  3.69800000E+03  4.32697000E+05   -5.0708783282272774E-01  2.5183870540331466E-01 -2.5524912741941308E-01   -1.7058892944634264E-08    1.9568389585283402E-07  5.6283797968454509E-07    3.6325941944135862E-03 -6.1987804911505630E-03 -5.3864892958207058E-04   5.27740216E+00 4.88178700E+00 1.09356000E-01 
5.00000000E-01  4.81300000E+03  5.75535000E+05   -5.0769186353211804E-01  2.5244273886881141E-01 -2.5524912466330663E-01   -1.0797711561390598E-08    2.6591689501297469E-07  5.6270448687638835E-07    3.6325935192808492E-03 -6.1987822263925470E-03 -5.3864961800461969E-04   7.29804111E+00 6.75470100E+00 1.50580000E-01 
6.25000000E-01  6.18200000E+03  7.22978000E+05   -5.0814903226518626E-01  2.5289990725967504E-01 -2.5524912500551122E-01    1.3406690363507365E-09    3.3600342267275329E-07  5.6142958199994037E-07    3.6325968563883176E-03 -6.1987834160090504E-03 -5.3865182536928487E-04   9.37704015E+00 8.69601000E+00 1.93408000E-01 
7.50000000E-01  7.43900000E+03  8.70244000E+05   -5.0879992157631393E-01  2.5355079731105740E-01 -2.5524912426525653E-01   -2.9001262623822474E-09    4.0617228674340151E-07  5.6095590986264466E-07    3.6325964410562645E-03 -6.1987842670571834E-03 -5.3865101018320250E-04   1.13039870E+01 1.04989670E+01 2.31182000E-01 
8.75000000E-01  8.41400000E+03  1.01352700E+06   -5.0928167066875507E-01  2.5403254912780965E-01 -2.5524912154094542E-01   -1.0673145766427800E-08    4.7634152324987139E-07  5.6105860380271151E-07    3.6325983634323332E-03 -6.1987817527481334E-03 -5.3865142664800839E-04   1.31443450E+01 1.22378970E+01 2.64631000E-01 
1.00000000E+00  9.90400000E+03  1.16137000E+06   -5.0986956944319395E-01  2.5462044820762808E-01 -2.5524912123556587E-01   -1.1963980644994863E-09    5.4619339917803081E-07  5.5764904264807824E-07    3.6326003623428590E-03 -6.1987792347559818E-03 -5.3864842488617070E-04   1.51989541E+01 1.41551040E+01 3.06964000E-01 
0.00000000E+00  0.00000000E+00  0.00000000E+00   -5.0540516558321380E-01  2.5015557042325498E-01 -2.5524959515995882E-01   -0.0000000000000000E+00    7.5603942497466688E-16  4.8128691795920790E-16    3.6328238269214370E-03 -6.1986346853614028E-03 -5.3859859860476130E-04   5.03849983E-02 4.75570000E-02 1.09400000E-03 
1.25000000E-01  1.03000000E+03  1.44973000E+05   -5.0590135430683503E-01  2.5065221856679282E-01 -2.5524913574004221E-01   -1.7998849961810360E-06    5.4993364752882798E-08  5.6453239194671764E-07    3.6325911518874563E-03 -6.1987806686503860E-03 -5.3864894715363002E-04   1.42962790E+00 1.42055000E+00 3.96800000E-03 
2.50000000E-01  2.43100000E+03  2.86133000E+05   -5.0655884592727718E-01  2.5130971415359649E-01 -2.5524913177368069E-01   -1.5539177069122158E-08    1.2528258007173589E-07  5.6345139443821097E-07    3.6325928115073826E-03 -6.1987804859091515E-03 -5.3864944410336973E-04   2.84001994E+00 2.82253200E+00 7.53200000E-03 
3.75000000E-01  3.69800000E+03  4.32697000E+05   -5.0708783282272774E-01  2.5183870540331466E-01 -2.5524912741941308E-01   -1.7058892944634264E-08    1.9568389585431384E-07  5.6283797968361621E-07    3.6325941944135827E-03 -6.1987804911505613E-03 -5.3864892958206971E-04   4.41567492E+00 4.37647300E+00 1.67830000E-02 
5.00000000E-01  4.81300000E+03  5.75535000E+05   -5.0769186353211804E-01  2.5244273886881141E-01 -2.5524912466330663E-01   -1.0797711561390598E-08    2.6591689500977301E-07  5.6270448687602053E-07    3.6325935192808509E-03 -6.1987822263925487E-03 -5.3864961800461925E-04   5.86283302E+00 5.81654100E+00 1.99960000E-02 
6.25000000E-01  6.18200000E+03  7.22978000E+05   -5.0814903226518626E-01  2.5289990725967504E-01 -2.5524912500551122E-01    1.3406690363507365E-09    3.3600342267515060E-07  5.6142958200433880E-07    3.6325968563883202E-03 -6.1987834160090504E-03 -5.3865182536928596E-04   7.38997602E+00 7.33636100E+00 2.32410000E-02 
7.50000000E-01  7.43900000E+03  8.70244000E+05   -5.0879992157631393E-01  2.5355079731105740E-01 -2.5524912426525653E-01   -2.9001262623822474E-09    4.0617228674657253E-07  5.6095590986466833E-07    3.6325964410562636E-03 -6.1987842670571877E-03 -5.3865101018320195E-04   9.05656505E+00 8.99480700E+00 2.71900000E-02 
8.75000000E-01  8.41400000E+03  1.01352700E+06   -5.0928167066875496E-01  2.5403254912780970E-01 -2.5524912154094526E-01   -1.0673146418862766E-08    4.7634152324858936E-07  5.6105860380395824E-07    3.6325983634323306E-03 -6.1987817527481351E-03 -5.3865142664800861E-04   1.05464630E+01 1.04790040E+01 3.00570000E-02 
1.00000000E+00  9.90400000E+03  1.16137000E+06   -5.0986956944319395E-01  2.5462044820762808E-01 -2.5524912123556587E-01   -1.1963974120645144E-09    5.4619339918310369E-07  5.5764904265517129E-07    3.6326003623428529E-03 -6.1987792347559757E-03 -5.3864842488617417E-04   1.21729009E+01 1.20857190E+01 3.64090000E-02 
